P47343.1	P47343.1	100.000	245	0	0	1	245	1	245	0.0	499
P47343.1	P75536.1	56.034	232	102	0	3	234	1	232	3.92e-94	279
P47343.1	Q4A8N4.1	37.443	219	128	5	17	233	6	217	2.69e-36	130
P47343.1	Q5R080.1	34.389	221	132	7	18	233	3	215	1.54e-34	126
P47343.1	P43731.1	34.361	227	135	6	15	235	1	219	2.87e-32	120
P47343.1	B4F058.1	34.081	223	133	6	17	233	6	220	9.11e-31	116
P47343.1	Q5E2Y8.1	33.188	229	139	6	17	239	4	224	9.65e-31	116
P47343.1	A5UBC0.1	33.040	227	138	6	15	235	1	219	2.22e-30	115
P47343.1	Q4QPM6.1	33.040	227	138	6	15	235	1	219	2.37e-30	115
P47343.1	B5F228.1	32.301	226	139	6	17	236	6	223	3.66e-30	115
P47343.1	B0UWA7.1	32.889	225	137	6	17	235	3	219	4.00e-30	114
P47343.1	B5Z154.1	32.743	226	138	6	17	236	6	223	6.17e-30	114
P47343.1	A9N0W3.1	31.858	226	140	6	17	236	6	223	9.53e-30	114
P47343.1	A8FIM7.1	33.772	228	129	8	17	235	8	222	9.96e-30	114
P47343.1	B5FAJ7.1	32.751	229	140	6	17	239	4	224	1.30e-29	113
P47343.1	B2VEC7.1	31.839	223	138	6	17	233	6	220	2.31e-29	112
P47343.1	Q65VN0.1	32.889	225	137	6	15	233	1	217	2.47e-29	112
P47343.1	B7MYL3.1	32.743	226	138	6	17	236	6	223	2.78e-29	112
P47343.1	A8AD07.1	31.858	226	140	6	17	236	6	223	2.97e-29	112
P47343.1	A9MGV9.1	31.858	226	140	6	17	236	6	223	4.12e-29	112
P47343.1	A1JKI8.1	33.929	224	132	7	17	233	6	220	7.21e-29	111
P47343.1	Q8FF08.3	32.301	226	139	6	17	236	6	223	8.37e-29	111
P47343.1	B7NRN6.1	33.628	226	136	7	17	236	6	223	8.48e-29	111
P47343.1	A7MS85.1	33.772	228	131	7	15	233	4	220	8.68e-29	111
P47343.1	A1AEB0.1	32.301	226	139	6	17	236	6	223	1.04e-28	111
P47343.1	A6VLV4.1	31.858	226	138	6	15	233	1	217	1.86e-28	110
P47343.1	B7LUY5.1	31.858	226	140	6	17	236	6	223	1.98e-28	110
P47343.1	P52507.1	33.188	229	134	8	14	235	99	315	2.49e-28	112
P47343.1	P52506.1	33.188	229	134	8	14	235	98	314	2.98e-28	112
P47343.1	Q0T1S6.1	31.858	226	140	6	17	236	6	223	6.27e-28	109
P47343.1	A8A392.1	31.858	226	140	6	17	236	6	223	7.28e-28	108
P47343.1	B8F6C3.1	34.513	226	127	7	17	233	3	216	8.70e-28	108
P47343.1	Q723S4.1	33.040	227	134	9	14	233	1	216	9.40e-28	108
P47343.1	Q8Y9X7.1	33.040	227	134	9	14	233	1	216	1.10e-27	108
P47343.1	P28866.1	32.000	225	142	5	14	235	95	311	1.27e-27	110
P47343.1	Q7MA00.1	31.535	241	142	9	1	233	1	226	1.36e-27	108
P47343.1	C6DC11.1	34.375	224	131	7	17	233	6	220	1.40e-27	108
P47343.1	A7GVE5.1	33.921	227	130	8	17	235	8	222	1.65e-27	108
P47343.1	Q98PV4.1	33.333	222	136	5	18	235	7	220	1.79e-27	107
P47343.1	Q87SC4.1	34.071	226	131	7	16	233	5	220	2.31e-27	107
P47343.1	A4WDE9.1	31.416	226	141	6	17	236	6	223	2.53e-27	107
P47343.1	P39615.1	33.621	232	138	8	10	235	1	222	3.68e-27	107
P47343.1	Q7VMC0.1	33.036	224	134	6	17	233	3	217	4.20e-27	107
P47343.1	Q65DN9.1	33.333	225	134	8	17	235	8	222	6.04e-27	106
P47343.1	Q5L9D9.1	33.632	223	132	7	17	233	8	220	7.08e-27	106
P47343.1	Q057V4.1	37.333	225	122	8	17	233	8	221	8.42e-27	106
P47343.1	Q827B3.1	30.435	230	144	7	12	235	4	223	8.51e-27	106
P47343.1	C4LC44.1	30.263	228	145	6	15	236	1	220	8.53e-27	106
P47343.1	B5XNF8.1	30.973	226	142	6	17	236	6	223	1.36e-26	105
P47343.1	B7HYF9.1	33.333	231	140	7	10	235	1	222	1.38e-26	105
P47343.1	A5EVB8.1	34.071	226	132	8	17	235	14	229	1.39e-26	105
P47343.1	Q630K2.1	33.333	231	140	7	10	235	1	222	1.63e-26	105
P47343.1	A4SK71.1	30.568	229	143	6	15	236	1	220	1.96e-26	105
P47343.1	Q9PJ40.1	34.071	226	133	7	17	236	16	231	1.99e-26	105
P47343.1	A4IWI7.1	32.287	223	137	6	17	233	2	216	2.26e-26	105
P47343.1	A9VSJ0.1	33.333	234	136	8	10	235	1	222	2.52e-26	105
P47343.1	B0TXF5.1	35.111	225	128	8	17	233	2	216	2.53e-26	104
P47343.1	A5FFT1.1	33.628	226	129	6	17	233	8	221	3.12e-26	104
P47343.1	A8FJP1.1	33.628	226	134	7	17	236	16	231	3.56e-26	104
P47343.1	Q5HX80.1	33.628	226	134	7	17	236	16	231	3.79e-26	104
P47343.1	A5F5R5.1	34.529	223	132	7	17	233	6	220	3.93e-26	104
P47343.1	Q72X51.1	33.333	231	140	7	10	235	1	222	4.40e-26	104
P47343.1	C1CXS7.1	31.304	230	142	7	10	233	21	240	4.42e-26	104
P47343.1	A6TCJ2.1	30.973	226	142	6	17	236	6	223	4.82e-26	104
P47343.1	Q6D208.1	33.482	224	133	7	17	233	6	220	5.18e-26	104
P47343.1	B7J0Y9.1	35.065	231	134	8	10	233	1	222	5.19e-26	103
P47343.1	A7NAN4.1	32.287	223	137	6	17	233	2	216	5.27e-26	103
P47343.1	A8EWN8.1	31.163	215	130	6	17	220	2	209	6.17e-26	103
P47343.1	A0Q7Y8.1	31.839	223	138	6	17	233	2	216	6.31e-26	103
P47343.1	A1VXG9.1	33.778	225	133	7	18	236	17	231	1.10e-25	103
P47343.1	A0KMZ1.1	30.568	229	143	6	15	236	1	220	1.18e-25	103
P47343.1	Q3IG47.1	29.956	227	146	6	15	235	1	220	1.23e-25	103
P47343.1	P57807.1	30.667	225	142	6	15	233	1	217	1.49e-25	102
P47343.1	B6EKY3.1	31.416	226	141	7	17	236	4	221	1.59e-25	102
P47343.1	B5ZC55.1	33.182	220	133	7	18	233	3	212	1.67e-25	102
P47343.1	B6YR15.1	34.222	225	128	9	17	233	8	220	2.03e-25	102
P47343.1	B1YFL0.1	30.804	224	141	6	17	235	4	218	2.35e-25	102
P47343.1	Q2NS03.1	31.839	223	138	6	17	233	6	220	2.38e-25	102
P47343.1	Q92EQ0.1	31.718	227	137	8	14	233	1	216	2.89e-25	102
P47343.1	A8GI39.1	31.696	224	137	6	17	233	6	220	3.75e-25	102
P47343.1	B1JRB1.1	34.184	196	116	5	17	206	6	194	4.00e-25	102
P47343.1	Q9K682.1	34.071	226	129	8	18	235	8	221	4.19e-25	101
P47343.1	P12887.1	34.940	249	133	11	17	244	105	345	4.21e-25	104
P47343.1	B7HG60.1	32.906	234	137	8	10	235	1	222	4.24e-25	101
P47343.1	A6L7T5.1	33.632	223	132	7	17	233	8	220	4.30e-25	101
P47343.1	A4TKZ2.1	34.184	196	116	5	17	206	6	194	4.35e-25	101
P47343.1	B5RKV2.1	34.821	224	130	8	17	233	8	222	4.55e-25	101
P47343.1	A7FFS4.1	34.184	196	116	5	17	206	6	194	4.88e-25	101
P47343.1	B3ERG6.1	32.468	231	138	7	10	233	1	220	5.09e-25	101
P47343.1	Q8EB78.1	30.667	225	142	6	17	235	2	218	6.26e-25	101
P47343.1	C3LFS7.1	33.929	224	134	7	17	235	8	222	6.67e-25	101
P47343.1	A7I0A8.1	33.632	223	132	7	17	233	13	225	7.41e-25	101
P47343.1	Q0SPB2.1	34.199	231	136	8	10	233	1	222	9.03e-25	100
P47343.1	B7JHM3.1	33.482	224	135	7	17	235	8	222	9.85e-25	100
P47343.1	B7IRS8.1	32.479	234	138	8	10	235	1	222	1.09e-24	100
P47343.1	Q032L5.1	33.333	228	126	9	18	234	6	218	1.17e-24	100
P47343.1	Q6HAN7.1	33.040	227	132	8	17	235	8	222	1.32e-24	100
P47343.1	Q7N1U8.1	30.493	223	141	6	17	233	6	220	1.35e-24	100
P47343.1	A3MZ80.1	33.333	228	128	8	17	233	3	217	1.39e-24	100
P47343.1	A2RHW2.1	33.333	228	126	9	18	234	6	218	1.49e-24	100
P47343.1	A0RLI1.1	33.482	224	135	7	17	235	8	222	1.53e-24	100
P47343.1	Q9K3Z0.1	30.870	230	141	9	13	235	5	223	1.57e-24	100
P47343.1	Q182G9.1	33.624	229	128	8	17	235	7	221	1.68e-24	100
P47343.1	B5RQN2.1	34.375	224	131	8	17	233	8	222	1.97e-24	100
P47343.1	C0Z887.1	29.661	236	142	8	10	235	1	222	2.20e-24	100
P47343.1	Q662W1.1	35.217	230	135	8	10	233	1	222	2.21e-24	99.8
P47343.1	P59465.1	35.498	231	133	8	10	233	1	222	2.23e-24	99.8
P47343.1	Q7P1I1.1	30.472	233	145	9	14	239	11	233	2.26e-24	100
P47343.1	B7GMM1.1	32.489	237	134	9	10	235	1	222	2.33e-24	99.8
P47343.1	Q836Z5.1	33.333	234	132	9	10	233	1	220	2.59e-24	99.8
P47343.1	A7ZA24.1	32.301	226	135	8	17	235	8	222	2.82e-24	99.8
P47343.1	Q8A5V6.1	33.184	223	133	8	17	233	8	220	5.21e-24	98.6
P47343.1	B9E8N2.1	31.140	228	119	8	24	234	8	214	6.91e-24	98.6
P47343.1	Q5KUD0.1	32.301	226	135	8	17	235	7	221	7.35e-24	98.6
P47343.1	Q3BNI2.1	30.672	238	146	7	16	245	12	238	7.84e-24	99.0
P47343.1	B2S1N8.1	33.929	224	132	8	17	233	8	222	7.87e-24	98.2
P47343.1	A1QYK3.1	33.929	224	132	8	17	233	8	222	7.87e-24	98.2
P47343.1	B2TQZ9.1	32.766	235	122	8	17	235	8	222	7.89e-24	98.6
P47343.1	Q7VRQ7.1	34.222	225	134	6	17	235	5	221	8.45e-24	98.2
P47343.1	A7H1G3.1	32.743	226	136	8	17	236	16	231	8.70e-24	98.6
P47343.1	O84613.1	31.839	223	143	5	16	235	12	228	1.19e-23	98.2
P47343.1	A7GVX1.1	33.036	224	133	9	16	233	12	224	1.35e-23	97.8
P47343.1	Q9RWH9.1	29.661	236	149	8	5	233	13	238	1.38e-23	98.2
P47343.1	Q9CIX2.1	32.456	228	128	9	18	234	6	218	1.47e-23	97.4
P47343.1	Q8CQ65.1	30.837	227	132	8	18	234	3	214	1.66e-23	97.4
P47343.1	B4RLL6.1	31.556	225	140	7	15	233	1	217	1.87e-23	97.4
P47343.1	B2RHL6.1	31.081	222	140	6	17	233	9	222	1.88e-23	97.4
P47343.1	A6M317.1	31.120	241	132	7	10	235	1	222	2.55e-23	97.1
P47343.1	P97931.3	33.333	222	135	7	17	233	90	303	2.58e-23	99.0
P47343.1	A3M500.2	31.579	228	136	8	17	235	19	235	3.22e-23	97.1
P47343.1	B8FSV8.1	29.741	232	130	7	18	235	8	220	3.28e-23	96.7
P47343.1	Q8EPH6.1	32.489	237	144	7	10	240	1	227	3.47e-23	96.7
P47343.1	B0VMZ7.1	31.579	228	136	8	17	235	19	235	3.54e-23	97.1
P47343.1	A9KP29.1	34.343	198	120	5	11	204	1	192	4.01e-23	96.7
P47343.1	C1DQR0.1	32.143	224	135	8	17	233	13	226	4.10e-23	96.7
P47343.1	Q8UCM8.1	33.482	224	132	7	17	233	15	228	4.18e-23	97.1
P47343.1	Q5HRG5.1	30.837	227	132	8	18	234	3	214	4.65e-23	96.3
P47343.1	B0VD25.1	31.579	228	136	8	17	235	19	235	4.79e-23	96.7
P47343.1	B0B8I2.1	31.839	223	143	5	16	235	12	228	5.32e-23	96.3
P47343.1	Q7MXF6.1	31.081	222	140	6	17	233	9	222	5.53e-23	96.3
P47343.1	P28275.1	30.088	226	139	8	17	235	42	255	6.38e-23	96.7
P47343.1	Q8PFZ6.1	30.252	238	147	7	16	245	12	238	6.68e-23	96.3
P47343.1	B0RWT2.1	30.638	235	144	7	16	242	12	235	6.97e-23	96.3
P47343.1	B0KV50.1	34.498	229	129	10	16	235	11	227	7.68e-23	95.9
P47343.1	Q9PJD2.1	30.942	223	145	5	17	236	13	229	7.76e-23	95.9
P47343.1	Q7MNR0.2	30.804	224	139	7	17	233	6	220	9.17e-23	95.5
P47343.1	P13051.2	33.333	222	135	7	17	233	97	310	9.95e-23	97.4
P47343.1	Q30Q92.1	34.071	226	131	8	17	235	9	223	1.59e-22	94.7
P47343.1	Q07YI6.1	33.014	209	129	5	30	235	20	220	1.66e-22	94.7
P47343.1	P53764.1	31.776	214	129	8	29	236	2	204	1.68e-22	94.4
P47343.1	A5W8H2.1	33.190	232	128	8	16	235	11	227	1.74e-22	95.1
P47343.1	Q9U221.1	31.250	224	140	6	17	234	65	280	1.94e-22	95.9
P47343.1	Q88N05.1	33.906	233	125	10	16	235	11	227	2.14e-22	94.7
P47343.1	A0M1V1.1	31.858	226	133	6	17	233	8	221	2.23e-22	94.4
P47343.1	B6J738.1	30.870	230	144	6	17	240	9	229	2.78e-22	94.4
P47343.1	C4Z8Z2.1	30.435	230	147	8	11	235	1	222	3.15e-22	94.4
P47343.1	A6TVW5.1	30.126	239	147	8	11	241	1	227	3.15e-22	94.4
P47343.1	B1I012.1	29.646	226	145	6	17	236	8	225	3.21e-22	94.4
P47343.1	B1AJI8.1	34.234	222	128	8	18	233	3	212	3.54e-22	93.6
P47343.1	Q83CW4.1	30.870	230	144	6	17	240	9	229	3.88e-22	94.0
P47343.1	Q720K2.1	30.702	228	136	8	17	235	7	221	4.13e-22	94.0
P47343.1	Q7W1Y7.1	29.487	234	146	7	18	243	23	245	6.46e-22	94.0
P47343.1	Q7VUM8.1	29.487	234	146	7	18	243	23	245	6.67e-22	94.0
P47343.1	A1KU26.1	29.778	225	144	6	15	233	1	217	6.88e-22	93.2
P47343.1	Q7WQW5.1	29.487	234	146	7	18	243	23	245	7.17e-22	94.0
P47343.1	A9KCD5.2	32.000	225	138	7	17	235	9	224	7.73e-22	93.2
P47343.1	Q02HQ1.1	32.759	232	127	9	17	235	13	228	8.56e-22	93.2
P47343.1	A6VAM7.1	32.759	232	127	9	17	235	13	228	8.74e-22	93.2
P47343.1	A1SUE5.1	31.250	224	138	7	17	233	2	216	1.09e-21	92.4
P47343.1	Q8FPQ4.1	31.858	226	136	10	14	233	23	236	1.09e-21	93.2
P47343.1	Q38VY5.1	30.672	238	146	8	10	240	1	226	1.21e-21	92.8
P47343.1	Q1I5T6.1	32.328	232	130	8	16	235	11	227	1.26e-21	92.8
P47343.1	Q92CI1.1	31.696	224	139	8	17	235	7	221	1.71e-21	92.0
P47343.1	Q5WAZ9.1	31.034	232	142	8	17	241	7	227	1.74e-21	92.4
P47343.1	A9LZA2.1	29.778	225	144	6	15	233	1	217	1.90e-21	92.0
P47343.1	Q9JUC4.1	29.778	225	144	6	15	233	1	217	1.96e-21	92.0
P47343.1	Q9Z7D3.1	31.674	221	142	5	18	235	21	235	2.15e-21	92.0
P47343.1	Q4ZPC2.1	34.052	232	122	10	16	233	11	225	2.28e-21	92.0
P47343.1	B8D787.1	33.778	225	136	6	17	236	4	220	2.44e-21	91.7
P47343.1	P10186.1	30.088	226	139	8	17	235	121	334	2.45e-21	94.0
P47343.1	Q49VD1.1	28.889	225	141	7	17	234	2	214	3.19e-21	91.3
P47343.1	Q4L3Q7.1	31.633	196	117	6	44	234	31	214	3.19e-21	91.3
P47343.1	B3WCZ5.1	29.918	244	144	9	10	242	1	228	3.50e-21	91.7
P47343.1	A8MM35.1	28.390	236	131	8	17	235	8	222	3.51e-21	91.3
P47343.1	A4ITQ2.1	30.804	224	141	7	17	235	7	221	3.88e-21	91.3
P47343.1	Q87XE2.1	33.621	232	123	10	16	233	11	225	3.92e-21	91.3
P47343.1	B6J089.1	30.435	230	145	6	17	240	9	229	5.09e-21	90.9
P47343.1	Q9E6R2.1	31.658	199	129	4	39	236	120	312	5.63e-21	92.4
P47343.1	Q2YS83.1	29.911	224	138	7	18	234	3	214	5.67e-21	90.5
P47343.1	P53766.2	30.837	227	142	6	18	237	128	346	5.75e-21	93.2
P47343.1	Q88YG1.1	29.876	241	151	7	10	243	1	230	6.80e-21	90.9
P47343.1	Q8Y7P6.1	30.702	228	136	8	17	235	7	221	7.27e-21	90.5
P47343.1	Q821F7.1	31.674	221	140	7	17	233	13	226	7.96e-21	90.5
P47343.1	Q1GHJ4.1	30.137	219	133	7	29	239	21	227	8.51e-21	90.5
P47343.1	Q9J3N2.1	30.396	227	146	6	14	236	87	305	8.90e-21	92.0
P47343.1	A5IQD5.1	29.911	224	138	7	18	234	3	214	9.16e-21	90.1
P47343.1	P09307.1	30.396	227	146	6	14	236	87	305	9.46e-21	92.0
P47343.1	Q6F9Y2.1	32.057	209	126	6	32	235	38	235	9.80e-21	90.5
P47343.1	Q7VGS1.1	32.174	230	131	9	18	233	14	232	1.10e-20	90.5
P47343.1	Q48ET5.1	33.621	232	123	10	16	233	11	225	1.12e-20	90.1
P47343.1	B9KEK7.1	36.318	201	110	8	17	209	13	203	1.12e-20	90.1
P47343.1	B0U620.1	29.915	234	145	7	17	242	21	243	1.28e-20	90.5
P47343.1	Q1CRR1.1	32.618	233	132	8	17	235	12	233	1.49e-20	89.7
P47343.1	B2IAB2.1	28.879	232	150	6	17	242	21	243	1.57e-20	90.1
P47343.1	B1J4J3.1	32.456	228	135	8	16	235	11	227	1.92e-20	89.7
P47343.1	B2UVB0.1	32.618	233	132	8	17	235	12	233	2.00e-20	89.7
P47343.1	B2SJF5.1	29.832	238	148	7	16	245	12	238	2.30e-20	89.7
P47343.1	C5D9T3.1	31.696	224	139	7	17	235	7	221	2.35e-20	89.4
P47343.1	A3CN85.1	30.804	224	135	8	17	233	5	215	2.44e-20	89.0
P47343.1	Q6GBQ6.1	29.911	224	138	7	18	234	3	214	2.62e-20	89.0
P47343.1	B2UDL1.1	31.064	235	136	9	14	233	34	257	3.17e-20	89.7
P47343.1	A9IGW1.1	27.948	229	153	6	16	238	21	243	3.27e-20	89.4
P47343.1	Q3KGL4.1	31.466	232	128	11	16	233	11	225	3.40e-20	89.0
P47343.1	Q1IWN1.1	30.222	225	134	8	18	233	26	236	3.67e-20	89.0
P47343.1	Q64QI5.1	29.545	220	145	5	17	233	8	220	4.79e-20	88.2
P47343.1	Q5LA67.1	29.545	220	145	5	17	233	8	220	4.84e-20	88.2
P47343.1	C3KDS6.1	32.051	234	128	11	16	235	11	227	6.02e-20	88.2
P47343.1	A1SNW4.1	30.172	232	139	11	12	235	11	227	6.47e-20	88.2
P47343.1	Q0TUH0.1	30.435	230	134	9	17	235	8	222	7.53e-20	87.8
P47343.1	Q2L0Y2.1	31.884	207	127	7	35	236	43	240	7.81e-20	88.6
P47343.1	Q0SWB8.1	30.000	230	135	9	17	235	8	222	1.08e-19	87.4
P47343.1	Q9PA28.2	29.487	234	146	7	17	242	21	243	1.08e-19	88.2
P47343.1	P67078.1	30.392	204	126	7	35	233	35	227	1.22e-19	87.4
P47343.1	Q8DTV8.1	31.278	227	130	10	17	233	5	215	1.29e-19	87.0
P47343.1	Q8XNR7.1	30.435	230	134	9	17	235	8	222	1.43e-19	87.0
P47343.1	A7ZAZ4.1	30.667	225	141	9	14	233	10	224	1.48e-19	87.0
P47343.1	Q9ZJN9.1	34.951	206	104	9	17	204	12	205	1.57e-19	87.0
P47343.1	Q5L4Q4.1	30.769	221	142	7	17	233	13	226	1.73e-19	87.0
P47343.1	A8AXM4.1	30.357	224	136	8	17	233	5	215	2.09e-19	86.7
P47343.1	Q6UDG6.1	30.000	220	143	5	17	233	148	359	2.13e-19	89.0
P47343.1	P13158.1	29.358	218	135	8	17	227	82	287	3.43e-19	87.4
P47343.1	A0RM89.1	28.378	222	144	7	17	233	13	224	3.70e-19	86.3
P47343.1	B9DSB9.1	31.696	224	133	8	17	233	5	215	4.42e-19	85.5
P47343.1	O74834.1	30.364	247	140	9	6	236	74	304	5.42e-19	87.4
P47343.1	Q92LU5.1	29.741	232	140	10	17	238	10	228	5.77e-19	85.9
P47343.1	B6JNI4.1	35.149	202	109	8	17	204	12	205	5.82e-19	85.5
P47343.1	P56397.1	34.466	206	105	9	17	204	12	205	6.59e-19	85.5
P47343.1	B9DKT3.1	29.902	204	110	6	44	234	31	214	7.01e-19	85.1
P47343.1	Q256I7.1	29.864	221	144	7	17	233	13	226	8.25e-19	85.1
P47343.1	Q4KGS0.1	30.769	247	135	12	1	233	1	225	8.49e-19	85.1
P47343.1	B1IBW9.1	30.357	224	136	7	17	233	5	215	9.41e-19	84.7
P47343.1	Q8XVE4.1	30.342	234	139	10	14	233	37	260	9.62e-19	85.9
P47343.1	Q03GV8.1	28.452	239	137	7	10	233	1	220	1.58e-18	84.3
P47343.1	A4VV30.1	30.357	224	136	8	17	233	5	215	1.65e-18	84.0
P47343.1	A6UDC0.1	29.741	232	140	10	17	238	10	228	1.66e-18	84.7
P47343.1	A1T717.1	30.729	192	117	8	46	233	43	222	1.78e-18	84.3
P47343.1	P0A4P3.1	28.761	226	137	8	17	233	5	215	1.96e-18	84.0
P47343.1	Q74K70.1	30.804	224	136	8	17	233	8	219	2.06e-18	84.0
P47343.1	C1CKR8.1	30.357	224	136	7	17	233	5	215	2.22e-18	83.6
P47343.1	Q47Q90.1	31.472	197	113	9	44	233	44	225	2.47e-18	84.0
P47343.1	B5Z8Z4.1	33.981	206	106	9	17	204	12	205	2.87e-18	84.0
P47343.1	B5E4R3.1	30.357	224	136	7	17	233	5	215	3.03e-18	83.6
P47343.1	Q17Z05.1	33.495	206	107	9	17	204	12	205	3.72e-18	83.6
P47343.1	B8ZQ48.1	30.357	224	136	7	17	233	5	215	3.88e-18	83.2
P47343.1	P29950.1	32.178	202	123	8	45	242	24	215	5.45e-18	82.8
P47343.1	Q03SK6.1	28.870	239	146	9	18	245	9	234	1.18e-17	82.4
P47343.1	A5VIJ2.1	28.821	229	149	6	10	233	1	220	1.22e-17	82.0
P47343.1	P52447.1	29.293	198	126	6	44	236	65	253	1.56e-17	82.4
P47343.1	Q82MX6.1	32.161	199	117	9	40	233	37	222	1.83e-17	81.6
P47343.1	C0ME57.1	29.333	225	137	7	17	233	5	215	2.08e-17	81.3
P47343.1	A0QV01.1	30.208	192	120	8	46	233	43	224	2.21e-17	81.3
P47343.1	A4TE31.1	30.645	186	113	8	52	233	49	222	3.09e-17	80.9
P47343.1	Q03KM6.1	28.571	224	140	7	17	233	5	215	3.63e-17	80.5
P47343.1	B4U3D4.1	28.889	225	138	7	17	233	5	215	4.02e-17	80.5
P47343.1	C0M7J9.1	28.889	225	138	7	17	233	5	215	4.15e-17	80.5
P47343.1	A1UEC0.1	30.890	191	120	6	46	233	43	224	4.35e-17	80.5
P47343.1	B2GAM7.1	30.392	204	106	7	45	233	38	220	5.10e-17	80.5
P47343.1	A0QJA9.1	31.004	229	135	13	14	233	10	224	1.28e-16	79.3
P47343.1	Q01019.1	32.536	209	124	8	37	236	52	252	1.43e-16	79.7
P47343.1	Q73VJ7.1	31.004	229	135	13	14	233	10	224	1.43e-16	79.0
P47343.1	P53765.2	31.304	230	135	8	19	233	31	252	1.57e-16	79.3
P47343.1	P12888.1	30.288	208	131	6	33	233	53	253	1.58e-16	79.3
P47343.1	B1MXY4.1	30.612	196	116	7	44	233	36	217	2.56e-16	78.2
P47343.1	Q9EX12.1	31.658	199	118	9	40	233	37	222	2.62e-16	78.2
P47343.1	Q04BG7.1	30.952	210	106	7	45	238	38	224	4.26e-16	77.8
P47343.1	Q1GB22.1	30.952	210	106	7	45	238	38	224	4.34e-16	77.8
P47343.1	F5HFA1.1	28.326	233	151	8	16	238	29	255	5.97e-16	77.8
P47343.1	Q9LIH6.1	30.870	230	139	8	14	233	109	328	7.19e-16	78.6
P47343.1	Q5FL46.1	29.665	209	111	9	52	244	43	231	7.70e-16	77.0
P47343.1	Q1J724.1	29.231	195	118	6	45	233	35	215	1.74e-15	75.9
P47343.1	Q8R634.1	32.609	230	141	7	11	235	1	221	2.70e-15	75.5
P47343.1	Q5YRZ2.1	28.319	226	141	10	16	233	12	224	3.01e-15	75.5
P47343.1	B8ZS02.1	29.302	215	134	7	28	233	19	224	3.07e-15	75.5
P47343.1	Q03W63.1	27.556	225	142	7	17	233	7	218	3.94e-15	75.1
P47343.1	Q5UPT2.1	28.629	248	136	11	16	233	132	368	5.23e-15	76.6
P47343.1	B2HIJ2.1	29.189	185	119	7	52	233	49	224	7.27e-15	74.3
P47343.1	P0DG74.1	28.718	195	119	6	45	233	35	215	7.87e-15	74.3
P47343.1	Q8NQU9.1	27.917	240	132	9	28	235	24	254	8.17e-15	74.7
P47343.1	P52345.1	29.670	182	114	6	60	236	81	253	8.20e-15	74.7
P47343.1	A8YUE7.1	28.972	214	119	7	45	245	39	232	8.62e-15	74.3
P47343.1	A0PQ07.1	29.189	185	119	7	52	233	49	224	8.72e-15	74.3
P47343.1	A8LD98.1	28.643	199	124	8	40	233	37	222	9.54e-15	73.9
P47343.1	O36395.1	30.472	233	136	11	18	235	30	251	1.06e-14	74.3
P47343.1	Q48U05.1	29.231	195	118	6	45	233	35	215	1.17e-14	73.6
P47343.1	Q8P1B6.1	29.231	195	118	6	45	233	35	215	1.19e-14	73.6
P47343.1	Q5XCK3.1	28.718	195	119	6	45	233	35	215	1.43e-14	73.6
P47343.1	Q315T1.1	28.934	197	128	6	44	233	42	233	1.54e-14	73.6
P47343.1	A2RF00.1	28.718	195	119	6	45	233	35	215	1.74e-14	73.2
P47343.1	Q1JC76.1	28.718	195	119	6	45	233	35	215	1.74e-14	73.2
P47343.1	Q21SE9.1	28.511	235	150	9	14	233	19	250	2.20e-14	73.6
P47343.1	P50639.1	28.856	201	131	6	42	238	61	253	3.46e-14	73.2
P47343.1	F5HI85.1	27.451	204	135	8	33	233	53	246	9.48e-14	71.6
P47343.1	B5XL20.1	28.205	195	120	6	45	233	35	215	2.64e-13	70.1
P47343.1	B1MDP0.1	30.769	195	114	10	46	233	43	223	5.00e-13	69.3
P47343.1	Q8G3E9.1	30.516	213	100	10	46	235	26	213	5.90e-13	68.9
P47343.1	A1KMX0.1	30.928	194	116	8	46	233	43	224	4.43e-12	66.6
P47343.1	B7GMM1.1	29.870	231	152	5	10	237	1	224	4.45e-126	359
P47343.1	P43731.1	33.921	227	136	6	15	235	1	219	2.95e-125	357
P47343.1	Q836Z5.1	28.755	233	156	5	10	239	1	226	7.70e-125	356
P47343.1	Q5KUD0.1	28.261	230	155	5	11	237	1	223	8.29e-125	356
P47343.1	C6DC11.1	32.468	231	140	7	17	239	6	228	1.08e-124	355
P47343.1	A8GI39.1	30.435	230	144	7	17	238	6	227	1.20e-124	355
P47343.1	A1JKI8.1	33.036	224	136	6	17	234	6	221	1.35e-124	355
P47343.1	C5D9T3.1	28.261	230	155	5	11	237	1	223	1.48e-124	355
P47343.1	A7GVE5.1	29.870	231	152	5	10	237	1	224	1.58e-124	355
P47343.1	B4F058.1	33.480	227	137	6	17	237	6	224	2.00e-124	355
P47343.1	A6TCJ2.1	30.603	232	147	6	17	242	6	229	4.68e-124	354
P47343.1	Q65VN0.1	32.328	232	143	6	15	240	1	224	7.33e-124	353
P47343.1	A4ITQ2.1	27.391	230	157	5	11	237	1	223	8.55e-124	353
P47343.1	P39615.1	31.441	229	147	5	10	235	1	222	9.87e-124	353
P47343.1	B0UWA7.1	31.602	231	144	6	15	239	1	223	1.29e-123	352
P47343.1	Q0T1S6.1	31.739	230	143	6	17	240	6	227	1.65e-123	352
P47343.1	Q2NS03.1	31.304	230	144	6	17	240	6	227	1.77e-123	352
P47343.1	A8A392.1	31.466	232	145	6	17	242	6	229	2.50e-123	352
P47343.1	Q1I5T6.1	29.630	243	151	7	1	237	1	229	2.53e-123	352
P47343.1	Q88N05.1	30.453	243	149	7	1	237	1	229	2.53e-123	352
P47343.1	B5Z154.1	32.328	232	143	6	17	242	6	229	2.79e-123	352
P47343.1	A1AEB0.1	31.897	232	144	6	17	242	6	229	3.79e-123	352
P47343.1	B0KV50.1	30.864	243	148	7	1	237	1	229	3.97e-123	352
P47343.1	C1DQR0.1	29.310	232	149	6	14	239	10	232	4.45e-123	352
P47343.1	B7MYL3.1	32.328	232	143	6	17	242	6	229	6.70e-123	351
P47343.1	A5W8H2.1	30.453	243	149	7	1	237	1	229	7.83e-123	351
P47343.1	B7LUY5.1	31.466	232	145	6	17	242	6	229	9.01e-123	351
P47343.1	Q4KGS0.1	26.749	243	158	7	1	237	1	229	1.01e-122	350
P47343.1	B4RLL6.1	29.515	227	146	6	15	235	1	219	1.12e-122	350
P47343.1	Q8FF08.3	32.174	230	142	6	17	240	6	227	1.23e-122	350
P47343.1	B7NRN6.1	31.897	232	144	6	17	242	6	229	1.31e-122	350
P47343.1	C4LC44.1	29.694	229	147	6	15	237	1	221	1.66e-122	350
P47343.1	A5F5R5.1	32.143	224	138	6	17	234	6	221	1.71e-122	350
P47343.1	A7ZA24.1	29.130	230	153	5	10	236	1	223	1.97e-122	350
P47343.1	A5UBC0.1	32.599	227	139	6	15	235	1	219	2.11e-122	349
P47343.1	Q7MNR0.2	29.646	226	145	6	17	236	6	223	2.25e-122	350
P47343.1	B5XNF8.1	30.603	232	147	6	17	242	6	229	2.31e-122	350
P47343.1	Q4QPM6.1	32.599	227	139	6	15	235	1	219	2.33e-122	349
P47343.1	A8AD07.1	31.466	232	145	6	17	242	6	229	2.34e-122	350
P47343.1	A9LZA2.1	28.444	225	151	5	15	235	1	219	2.36e-122	349
P47343.1	B1J4J3.1	29.218	243	152	7	1	237	1	229	2.92e-122	349
P47343.1	Q7N1U8.1	30.357	224	142	6	17	234	6	221	4.78e-122	348
P47343.1	Q6D208.1	31.602	231	142	7	17	239	6	228	5.30e-122	348
P47343.1	Q9JUC4.1	28.444	225	151	5	15	235	1	219	7.96e-122	348
P47343.1	A9MGV9.1	31.466	232	145	6	17	242	6	229	1.75e-121	347
P47343.1	A3MZ80.1	30.396	227	144	6	15	235	1	219	2.00e-121	347
P47343.1	A1KU26.1	29.075	227	147	6	15	235	1	219	2.18e-121	347
P47343.1	B5F228.1	31.897	232	144	6	17	242	6	229	2.75e-121	347
P47343.1	A4WDE9.1	31.416	226	141	6	17	236	6	223	3.00e-121	347
P47343.1	Q87SC4.1	32.599	227	139	6	16	236	5	223	4.37e-121	346
P47343.1	A9N0W3.1	31.466	232	145	6	17	242	6	229	5.72e-121	346
P47343.1	Q5L9D9.1	31.878	229	142	6	10	233	1	220	5.92e-121	346
P47343.1	Q3BNI2.1	28.571	238	155	6	14	245	10	238	7.08e-121	346
P47343.1	Q3KGL4.1	27.572	243	156	7	1	237	1	229	7.73e-121	346
P47343.1	A6L7T5.1	31.004	229	144	6	10	233	1	220	8.79e-121	345
P47343.1	B8F6C3.1	31.140	228	142	6	15	236	1	219	1.45e-120	345
P47343.1	Q87XE2.1	27.917	240	157	6	1	236	1	228	1.91e-120	345
P47343.1	A6VAM7.1	29.832	238	154	6	3	236	1	229	1.92e-120	345
P47343.1	Q4ZPC2.1	28.333	240	156	6	1	236	1	228	1.96e-120	345
P47343.1	C3KDS6.1	27.572	243	156	7	1	237	1	229	2.49e-120	345
P47343.1	Q02HQ1.1	29.832	238	154	6	3	236	1	229	2.49e-120	345
P47343.1	Q9K682.1	31.304	230	148	5	11	237	1	223	2.93e-120	344
P47343.1	B7HYF9.1	30.303	231	151	5	10	237	1	224	3.69e-120	344
P47343.1	A8FIM7.1	32.035	231	143	6	10	235	1	222	3.91e-120	344
P47343.1	A8MM35.1	27.350	234	156	6	10	238	1	225	4.86e-120	343
P47343.1	A5VIJ2.1	27.119	236	162	5	10	242	1	229	5.01e-120	344
P47343.1	A7MS85.1	32.468	231	142	6	15	239	4	226	5.86e-120	343
P47343.1	Q5WAZ9.1	28.205	234	158	5	11	241	1	227	7.39e-120	343
P47343.1	Q8PFZ6.1	27.542	236	160	5	14	245	10	238	7.96e-120	343
P47343.1	Q630K2.1	30.303	231	151	5	10	237	1	224	8.40e-120	343
P47343.1	Q8A5V6.1	31.004	229	144	6	10	233	1	220	8.67e-120	343
P47343.1	Q88YG1.1	28.692	237	159	5	10	243	1	230	9.58e-120	343
P47343.1	Q65DN9.1	29.870	231	152	5	10	237	1	224	1.05e-119	343
P47343.1	Q48ET5.1	27.917	240	157	6	1	236	1	228	1.08e-119	343
P47343.1	B2TQZ9.1	30.043	233	149	6	10	237	1	224	1.13e-119	343
P47343.1	A9VSJ0.1	30.736	231	150	5	10	237	1	224	1.14e-119	343
P47343.1	Q72X51.1	30.303	231	151	5	10	237	1	224	1.44e-119	342
P47343.1	B2VEC7.1	31.390	223	139	6	17	233	6	220	1.47e-119	342
P47343.1	A0KMZ1.1	31.111	225	141	6	15	233	1	217	1.51e-119	342
P47343.1	Q92CI1.1	28.139	231	152	6	11	236	1	222	1.67e-119	342
P47343.1	P57807.1	29.825	228	146	6	15	236	1	220	1.86e-119	342
P47343.1	C1CXS7.1	29.787	235	153	6	10	240	21	247	1.92e-119	343
P47343.1	Q92LU5.1	27.778	234	154	6	14	241	7	231	2.74e-119	342
P47343.1	B6EKY3.1	30.396	227	144	6	14	234	1	219	4.99e-119	341
P47343.1	C0Z887.1	28.390	236	155	6	10	240	1	227	7.09e-119	341
P47343.1	Q8UCM8.1	29.958	237	151	6	13	243	11	238	7.27e-119	341
P47343.1	Q7VMC0.1	31.579	228	142	6	15	236	1	220	7.47e-119	340
P47343.1	A6UDC0.1	27.350	234	155	6	14	241	7	231	8.03e-119	341
P47343.1	Q720K2.1	27.706	231	153	6	11	236	1	222	8.45e-119	340
P47343.1	B6J738.1	30.263	228	148	5	17	240	9	229	1.06e-118	340
P47343.1	A6VLV4.1	31.718	227	141	6	15	235	1	219	1.96e-118	339
P47343.1	A4SK71.1	30.667	225	142	6	15	233	1	217	2.72e-118	339
P47343.1	Q182G9.1	32.328	232	143	6	11	237	1	223	2.76e-118	339
P47343.1	Q83CW4.1	30.263	228	148	5	17	240	9	229	3.18e-118	339
P47343.1	B8FSV8.1	28.509	228	152	5	11	235	1	220	4.04e-118	338
P47343.1	A6M317.1	30.472	233	148	6	10	237	1	224	5.27e-118	338
P47343.1	C3LFS7.1	30.303	231	151	5	10	237	1	224	5.76e-118	338
P47343.1	B7HG60.1	30.303	231	151	5	10	237	1	224	7.01e-118	338
P47343.1	Q8Y7P6.1	27.511	229	156	5	11	236	1	222	9.00e-118	338
P47343.1	C4Z8Z2.1	29.258	229	151	5	11	235	1	222	1.14e-117	338
P47343.1	Q9RWH9.1	27.869	244	163	7	2	240	10	245	1.24e-117	338
P47343.1	Q03GV8.1	27.039	233	160	5	10	239	1	226	1.48e-117	337
P47343.1	Q0TUH0.1	28.139	231	156	5	10	237	1	224	1.51e-117	337
P47343.1	Q5E2Y8.1	32.328	232	143	6	14	239	1	224	1.79e-117	337
P47343.1	B3ERG6.1	32.314	229	141	6	10	233	1	220	2.19e-117	337
P47343.1	B2SJF5.1	27.731	238	157	6	14	245	10	238	2.37e-117	337
P47343.1	B5FAJ7.1	31.897	232	144	6	14	239	1	224	2.63e-117	337
P47343.1	A0RLI1.1	29.870	231	152	5	10	237	1	224	3.08e-117	337
P47343.1	Q0SWB8.1	28.139	231	156	5	10	237	1	224	4.56e-117	336
P47343.1	A9KCD5.2	30.493	223	144	5	17	235	9	224	5.50e-117	336
P47343.1	Q8XNR7.1	28.571	231	155	5	10	237	1	224	5.56e-117	336
P47343.1	B7JHM3.1	29.870	231	152	5	10	237	1	224	6.48e-117	336
P47343.1	B0RWT2.1	28.511	235	153	6	14	242	10	235	7.23e-117	336
P47343.1	B6J089.1	29.825	228	149	5	17	240	9	229	8.68e-117	335
P47343.1	Q6HAN7.1	29.870	231	152	5	10	237	1	224	9.61e-117	335
P47343.1	B7IRS8.1	29.870	231	152	5	10	237	1	224	4.81e-116	333
P47343.1	Q5R080.1	33.484	221	134	6	18	233	3	215	4.98e-116	333
P47343.1	B0VD25.1	28.631	241	158	5	1	235	3	235	8.61e-116	333
P47343.1	A3M500.2	28.631	241	158	5	1	235	3	235	9.39e-116	333
P47343.1	A0Q7Y8.1	30.973	226	142	6	17	236	2	219	2.77e-115	331
P47343.1	B1JRB1.1	33.333	222	138	5	17	234	6	221	3.01e-115	332
P47343.1	A4IWI7.1	31.416	226	141	6	17	236	2	219	3.03e-115	331
P47343.1	A6TVW5.1	27.350	234	160	5	11	241	1	227	3.78e-115	331
P47343.1	Q8EPH6.1	31.356	236	148	6	10	240	1	227	5.33e-115	331
P47343.1	A4TKZ2.1	33.333	222	138	5	17	234	6	221	5.56e-115	331
P47343.1	B1I012.1	28.696	230	156	4	10	236	1	225	6.51e-115	331
P47343.1	O84613.1	30.667	225	147	4	14	235	10	228	6.86e-115	331
P47343.1	B0VMZ7.1	28.631	241	158	5	1	235	3	235	6.89e-115	331
P47343.1	B0B8I2.1	30.667	225	147	4	14	235	10	228	1.16e-114	330
P47343.1	B2IAB2.1	27.468	233	158	5	14	242	18	243	1.16e-114	331
P47343.1	Q9PA28.2	27.660	235	155	6	14	242	18	243	1.54e-114	331
P47343.1	A7FFS4.1	33.333	222	138	5	17	234	6	221	1.61e-114	330
P47343.1	B0U620.1	28.085	235	154	6	14	242	18	243	3.40e-114	330
P47343.1	Q3IG47.1	28.319	226	151	5	15	235	1	220	4.06e-114	328
P47343.1	B1YFL0.1	29.333	225	149	5	14	235	1	218	4.88e-114	328
P47343.1	Q03SK6.1	26.971	241	164	6	10	245	1	234	7.04e-114	328
P47343.1	B0TXF5.1	33.036	224	136	6	18	235	3	218	8.70e-114	327
P47343.1	Q38VY5.1	29.487	234	154	6	10	240	1	226	1.26e-113	327
P47343.1	A7NAN4.1	31.416	226	141	6	17	236	2	219	1.27e-113	327
P47343.1	A5FFT1.1	31.878	229	143	5	10	233	1	221	2.86e-113	326
P47343.1	P13051.2	30.942	223	141	6	17	234	97	311	9.26e-113	328
P47343.1	B2RHL6.1	30.667	225	143	6	14	233	6	222	1.01e-112	325
P47343.1	A9KP29.1	29.437	231	152	5	11	237	1	224	1.06e-112	325
P47343.1	Q9PJD2.1	30.493	223	146	4	17	236	13	229	1.69e-112	325
P47343.1	Q7MXF6.1	30.263	228	146	6	11	233	3	222	2.15e-112	324
P47343.1	Q821F7.1	29.596	223	148	4	17	236	13	229	2.89e-112	324
P47343.1	B2GAM7.1	25.214	234	165	5	10	240	1	227	2.99e-112	324
P47343.1	Q5L4Q4.1	29.148	223	149	4	17	236	13	229	3.80e-112	324
P47343.1	P97931.3	31.390	223	140	6	17	234	90	304	5.52e-112	326
P47343.1	Q30Q92.1	30.702	228	144	6	13	235	5	223	6.64e-112	323
P47343.1	Q6F9Y2.1	27.801	241	160	5	1	235	3	235	8.58e-112	323
P47343.1	Q827B3.1	29.741	232	146	7	12	237	5	225	8.61e-112	323
P47343.1	A7GVX1.1	30.342	234	148	6	7	235	3	226	8.77e-112	323
P47343.1	A0M1V1.1	30.568	229	146	5	10	233	1	221	1.16e-111	322
P47343.1	Q9K3Z0.1	29.185	233	148	7	11	237	4	225	1.21e-111	322
P47343.1	B3WCZ5.1	27.542	236	160	6	10	242	1	228	1.88e-111	322
P47343.1	Q1IWN1.1	27.074	229	154	6	17	241	25	244	3.45e-111	322
P47343.1	A7I0A8.1	31.356	236	146	6	6	235	2	227	4.27e-111	321
P47343.1	Q74K70.1	27.386	241	160	7	10	245	1	231	6.29e-111	321
P47343.1	P29950.1	29.018	224	144	6	25	242	1	215	1.07e-110	320
P47343.1	Q256I7.1	28.251	223	151	4	17	236	13	229	1.10e-110	320
P47343.1	Q9LIH6.1	29.741	232	145	6	13	235	108	330	1.36e-110	323
P47343.1	P47343.1	100.000	245	0	0	1	245	1	245	1.37e-110	320
P47343.1	Q4L3Q7.1	28.251	223	145	6	17	234	2	214	2.47e-110	319
P47343.1	Q723S4.1	29.130	230	149	6	14	238	1	221	5.16e-110	318
P47343.1	Q7MA00.1	30.041	243	151	7	1	237	1	230	1.23e-109	317
P47343.1	A5EVB8.1	31.330	233	145	6	9	235	6	229	1.82e-109	317
P47343.1	B9DKT3.1	27.027	222	147	6	18	234	3	214	1.98e-109	317
P47343.1	Q64QI5.1	28.194	227	153	5	10	233	1	220	2.28e-109	317
P47343.1	A5IQD5.1	28.251	223	145	6	17	234	2	214	2.46e-109	316
P47343.1	Q8EB78.1	30.667	225	142	6	17	235	2	218	2.86e-109	316
P47343.1	Q2YS83.1	28.251	223	145	6	17	234	2	214	3.23e-109	316
P47343.1	Q5LA67.1	28.194	227	153	5	10	233	1	220	3.62e-109	316
P47343.1	Q9Z7D3.1	29.412	238	159	4	2	236	5	236	5.28e-109	316
P47343.1	Q92EQ0.1	28.194	227	149	6	14	235	1	218	5.68e-109	315
P47343.1	Q8Y9X7.1	28.509	228	153	5	14	238	1	221	6.99e-109	315
P47343.1	Q6GBQ6.1	28.251	223	145	6	17	234	2	214	7.76e-109	315
P47343.1	A7ZAZ4.1	29.130	230	148	7	11	235	7	226	8.56e-109	315
P47343.1	B6YR15.1	31.441	229	143	6	10	233	1	220	1.47e-108	314
P47343.1	Q04BG7.1	26.809	235	161	6	10	241	1	227	2.16e-108	314
P47343.1	Q1GB22.1	26.809	235	161	6	10	241	1	227	2.52e-108	314
P47343.1	Q5FL46.1	26.360	239	161	7	11	244	3	231	1.01e-107	313
P47343.1	B5RKV2.1	31.304	230	146	5	10	234	1	223	3.00e-107	311
P47343.1	Q8R634.1	30.472	233	148	6	11	238	1	224	3.83e-107	311
P47343.1	Q49VD1.1	26.697	221	151	5	17	234	2	214	6.12e-107	310
P47343.1	Q5HX80.1	31.466	232	143	8	11	236	10	231	6.61e-107	310
P47343.1	Q9PJ40.1	31.466	232	143	8	11	236	10	231	7.21e-107	310
P47343.1	A0RM89.1	26.923	234	156	7	7	235	3	226	9.71e-107	310
P47343.1	A1VXG9.1	31.034	232	144	8	11	236	10	231	1.15e-106	310
P47343.1	B2S1N8.1	31.897	232	142	6	10	234	1	223	1.75e-106	309
P47343.1	B5RQN2.1	30.870	230	147	5	10	234	1	223	1.93e-106	309
P47343.1	Q03KM6.1	27.477	222	149	5	15	233	3	215	3.52e-106	308
P47343.1	P12887.1	30.588	255	158	7	6	244	94	345	5.29e-106	313
P47343.1	A8YUE7.1	25.833	240	163	7	11	245	3	232	6.04e-106	308
P47343.1	A1QYK3.1	31.466	232	143	6	10	234	1	223	7.48e-106	308
P47343.1	P53766.2	29.333	225	148	6	18	237	128	346	7.69e-106	312
P47343.1	Q662W1.1	33.043	230	142	5	10	234	1	223	9.32e-106	307
P47343.1	A8FJP1.1	31.034	232	144	8	11	236	10	231	1.11e-105	307
P47343.1	Q8CQ65.1	29.730	222	141	6	18	234	3	214	1.20e-105	307
P47343.1	A7H1G3.1	30.172	232	146	8	11	236	10	231	1.38e-105	307
P47343.1	Q5HRG5.1	29.730	222	141	6	18	234	3	214	2.16e-105	306
P47343.1	B9KEK7.1	28.821	229	151	6	11	235	7	227	3.03e-105	306
P47343.1	B7J0Y9.1	33.190	232	139	6	10	234	1	223	3.43e-105	306
P47343.1	P59465.1	32.609	230	141	6	10	233	1	222	4.22e-105	306
P47343.1	B8D787.1	32.000	225	140	6	17	236	4	220	4.63e-105	305
P47343.1	A8EWN8.1	31.081	222	140	6	17	233	2	215	1.08e-104	304
P47343.1	Q0SPB2.1	31.739	230	145	5	10	234	1	223	8.37e-104	302
P47343.1	A4VV30.1	28.571	224	144	6	15	233	3	215	1.30e-103	301
P47343.1	B9E8N2.1	30.180	222	140	6	17	233	2	213	2.59e-103	301
P47343.1	A3CN85.1	29.464	224	142	6	15	233	3	215	2.67e-103	301
P47343.1	A8AXM4.1	29.018	224	143	6	15	233	3	215	3.25e-103	301
P47343.1	Q057V4.1	34.632	231	138	6	10	235	1	223	7.35e-103	300
P47343.1	Q7VRQ7.1	32.287	223	141	5	17	235	5	221	1.29e-102	299
P47343.1	P0A4P3.1	26.577	222	151	5	15	233	3	215	1.70e-102	299
P47343.1	Q8DTV8.1	28.571	224	144	6	15	233	3	215	3.65e-102	298
P47343.1	A1SUE5.1	30.045	223	142	6	17	233	2	216	7.76e-102	297
P47343.1	Q9U221.1	31.250	224	140	6	17	234	65	280	1.20e-101	299
P47343.1	P28866.1	31.556	225	143	5	14	235	95	311	2.58e-101	299
P47343.1	B1IBW9.1	28.378	222	147	5	15	233	3	215	2.59e-101	296
P47343.1	Q07YI6.1	31.696	224	139	6	18	235	5	220	1.13e-100	294
P47343.1	C0M7J9.1	26.786	224	152	5	13	233	1	215	2.81e-100	293
P47343.1	C1CKR8.1	28.378	222	147	5	15	233	3	215	3.01e-100	293
P47343.1	B4U3D4.1	26.786	224	152	5	13	233	1	215	3.58e-100	293
P47343.1	P52506.1	31.556	225	143	5	14	235	98	314	4.71e-100	296
P47343.1	B8ZQ48.1	28.378	222	147	5	15	233	3	215	5.43e-100	293
P47343.1	B5E4R3.1	28.378	222	147	5	15	233	3	215	6.39e-100	292
P47343.1	O74834.1	29.114	237	156	7	6	236	74	304	6.75e-100	296
P47343.1	C0ME57.1	27.232	224	151	5	13	233	1	215	8.78e-100	292
P47343.1	P52507.1	31.556	225	143	5	14	235	99	315	9.27e-100	296
P47343.1	B9DSB9.1	29.018	224	143	6	15	233	3	215	1.38e-99	291
P47343.1	B2UDL1.1	29.167	240	149	7	12	239	33	263	3.96e-99	292
P47343.1	Q7P1I1.1	26.778	239	160	6	7	239	4	233	7.53e-99	290
P47343.1	Q48U05.1	26.549	226	150	6	13	233	1	215	3.52e-97	285
P47343.1	Q7VGS1.1	28.692	237	144	7	11	233	7	232	6.79e-97	285
P47343.1	Q1JC76.1	26.106	226	151	6	13	233	1	215	1.51e-96	284
P47343.1	A2RF00.1	25.664	226	152	6	13	233	1	215	2.39e-96	283
P47343.1	B5XL20.1	25.664	226	152	6	13	233	1	215	3.74e-96	283
P47343.1	Q1J724.1	26.106	226	151	6	13	233	1	215	4.81e-96	283
P47343.1	P0DG74.1	26.106	226	151	6	13	233	1	215	1.25e-95	281
P47343.1	Q8XVE4.1	28.205	234	147	7	12	233	36	260	1.60e-95	283
P47343.1	Q8P1B6.1	26.549	226	150	6	13	233	1	215	1.77e-95	281
P47343.1	Q5XCK3.1	26.106	226	151	6	13	233	1	215	2.44e-94	278
P47343.1	B1MXY4.1	26.316	228	152	6	11	233	1	217	4.13e-94	278
P47343.1	P28275.1	27.434	226	153	5	13	235	38	255	4.23e-93	276
P47343.1	P10186.1	27.434	226	153	5	13	235	117	334	4.72e-93	279
P47343.1	A1UEC0.1	25.214	234	160	7	8	236	4	227	2.60e-92	273
P47343.1	Q03W63.1	25.764	229	153	6	11	233	1	218	2.91e-92	273
P47343.1	Q8FPQ4.1	27.615	239	151	9	2	235	17	238	3.85e-92	273
P47343.1	P09307.1	29.075	227	149	5	14	236	87	305	7.59e-92	275
P47343.1	Q5YRZ2.1	24.359	234	162	7	8	236	4	227	7.75e-92	272
P47343.1	Q9J3N2.1	29.075	227	149	5	14	236	87	305	1.14e-91	275
P47343.1	A0QV01.1	24.359	234	162	8	8	236	4	227	1.43e-91	271
P47343.1	B2HIJ2.1	23.276	232	167	7	8	236	4	227	1.58e-91	271
P47343.1	Q032L5.1	32.000	225	135	7	17	234	5	218	2.53e-91	271
P47343.1	A4TE31.1	24.786	234	159	7	8	236	4	225	2.63e-91	271
P47343.1	A0PQ07.1	23.707	232	166	6	8	236	4	227	3.01e-91	271
P47343.1	B8ZS02.1	24.786	234	161	7	8	236	4	227	3.07e-91	271
P47343.1	A2RHW2.1	32.000	225	135	7	17	234	5	218	5.33e-91	270
P47343.1	Q9CIX2.1	30.667	225	138	7	17	234	5	218	5.33e-91	270
P47343.1	A0QJA9.1	24.359	234	162	7	8	236	4	227	5.73e-91	270
P47343.1	B1MDP0.1	22.845	232	167	6	8	236	4	226	6.67e-91	270
P47343.1	Q73VJ7.1	24.359	234	162	7	8	236	4	227	7.29e-91	270
P47343.1	Q9E6R2.1	29.204	226	151	5	14	236	93	312	8.59e-91	273
P47343.1	A1T717.1	24.359	234	160	8	8	236	4	225	1.90e-90	269
P47343.1	Q315T1.1	27.273	209	138	6	34	233	30	233	3.06e-90	268
P47343.1	Q7VUM8.1	28.326	233	150	7	18	243	23	245	4.44e-90	269
P47343.1	Q21SE9.1	25.197	254	165	9	1	233	1	250	7.02e-90	268
P47343.1	Q7W1Y7.1	28.326	233	150	7	18	243	23	245	7.58e-90	268
P47343.1	Q7WQW5.1	28.326	233	150	7	18	243	23	245	8.55e-90	268
P47343.1	P75536.1	56.034	232	102	0	3	234	1	232	2.95e-89	266
P47343.1	P13158.1	26.577	222	152	5	13	231	78	291	6.16e-89	267
P47343.1	Q98PV4.1	33.484	221	137	5	18	235	7	220	6.54e-89	265
P47343.1	P12888.1	29.167	240	145	9	11	235	26	255	7.28e-89	266
P47343.1	B5ZC55.1	31.507	219	138	6	18	233	3	212	9.41e-89	264
P47343.1	Q47Q90.1	22.881	236	165	7	6	236	5	228	1.27e-88	264
P47343.1	A1SNW4.1	27.391	230	152	8	11	236	10	228	1.86e-88	264
P47343.1	P53764.1	30.332	211	136	6	29	236	2	204	3.01e-88	262
P47343.1	A9IGW1.1	26.724	232	156	7	14	238	19	243	7.52e-88	263
P47343.1	Q8NQU9.1	25.203	246	150	8	14	235	19	254	2.42e-87	262
P47343.1	P53765.2	28.390	236	151	8	11	235	26	254	3.58e-87	261
P47343.1	O36395.1	27.426	237	148	9	13	235	25	251	6.67e-87	261
P47343.1	Q2L0Y2.1	26.316	228	153	7	14	234	19	238	1.51e-85	257
P47343.1	Q9EX12.1	25.424	236	159	8	6	236	2	225	3.29e-85	255
P47343.1	B1AJI8.1	31.963	219	137	6	18	233	3	212	1.58e-84	253
P47343.1	Q82MX6.1	26.271	236	157	8	6	236	2	225	5.70e-84	252
P47343.1	Q01019.1	29.237	236	147	9	13	236	25	252	5.86e-84	253
P47343.1	A8LD98.1	24.786	234	159	7	8	236	4	225	3.49e-83	250
P47343.1	F5HFA1.1	26.582	237	156	8	13	238	26	255	4.71e-83	251
P47343.1	Q4A8N4.1	34.649	228	138	5	10	235	1	219	8.16e-83	249
P47343.1	Q1CRR1.1	32.618	233	132	9	17	235	12	233	2.05e-82	248
P47343.1	Q9ZJN9.1	31.330	233	135	9	17	235	12	233	3.43e-82	248
P47343.1	P67078.1	24.561	228	161	6	12	236	11	230	5.72e-82	247
P47343.1	B5Z8Z4.1	30.472	233	137	9	17	235	12	233	8.95e-82	247
P47343.1	B2UVB0.1	32.618	233	132	9	17	235	12	233	1.02e-81	247
P47343.1	A1KMX0.1	23.932	234	163	7	8	236	4	227	1.41e-81	246
P47343.1	Q1GHJ4.1	28.384	229	144	7	19	239	11	227	1.84e-81	246
P47343.1	P56397.1	30.043	233	138	9	17	235	12	233	1.99e-81	246
P47343.1	P52447.1	27.039	233	153	9	13	237	31	254	4.07e-81	246
P47343.1	Q8G3E9.1	26.484	219	140	7	28	235	5	213	2.07e-80	243
P47343.1	B6JNI4.1	30.472	233	137	9	17	235	12	233	4.70e-80	243
P47343.1	P52345.1	26.180	233	155	9	13	237	31	254	2.00e-79	242
P47343.1	Q17Z05.1	29.614	233	139	9	17	235	12	233	4.40e-79	240
P47343.1	F5HI85.1	23.581	229	160	8	13	235	29	248	1.08e-78	239
P47343.1	P50639.1	27.941	204	133	7	40	238	59	253	1.71e-78	239
P47343.1	Q6UDG6.1	28.634	227	151	6	13	236	144	362	5.59e-77	239
P47343.1	Q5UPT2.1	28.629	248	140	10	16	235	132	370	1.74e-67	215
P47343.1	P21968.2	22.872	188	125	10	47	233	44	212	6.42e-09	57.8
P47343.1	M1LL92.1	20.000	215	143	12	28	234	20	213	3.35e-06	49.7
P47343.1	P04303.2	19.298	228	146	13	15	234	16	213	1.17e-05	48.1
P47343.1	Q91UM2.1	19.298	228	146	13	15	234	16	213	1.65e-05	47.8
P47343.1	P20536.1	19.298	228	146	13	15	234	16	213	3.65e-05	47.0
P47343.1	P0DSP8.1	20.188	213	145	11	28	234	20	213	4.41e-05	46.6
P47343.1	P0DSP7.1	19.535	215	144	12	28	234	20	213	6.86e-05	46.2
P47343.1	B7GMM1.1	29.870	231	152	5	10	237	1	224	7.88e-135	381
P47343.1	Q836Z5.1	28.755	233	156	5	10	239	1	226	1.17e-134	380
P47343.1	A7GVE5.1	29.870	231	152	5	10	237	1	224	7.70e-134	379
P47343.1	Q1I5T6.1	28.631	241	156	6	1	237	1	229	3.70e-133	377
P47343.1	Q5KUD0.1	28.261	230	155	5	11	237	1	223	9.26e-133	376
P47343.1	C5D9T3.1	28.261	230	155	5	11	237	1	223	1.01e-132	375
P47343.1	B0KV50.1	29.461	241	154	6	1	237	1	229	1.22e-132	375
P47343.1	Q88N05.1	29.046	241	155	6	1	237	1	229	1.33e-132	375
P47343.1	Q4KGS0.1	26.141	241	162	6	1	237	1	229	3.90e-132	374
P47343.1	A5W8H2.1	29.046	241	155	6	1	237	1	229	5.25e-132	374
P47343.1	B1J4J3.1	28.216	241	157	6	1	237	1	229	6.83e-132	374
P47343.1	A4ITQ2.1	27.391	230	157	5	11	237	1	223	1.16e-131	373
P47343.1	C1DQR0.1	27.468	233	158	5	11	239	7	232	1.53e-131	373
P47343.1	P39615.1	31.441	229	147	5	10	235	1	222	3.72e-131	372
P47343.1	A7ZA24.1	29.130	230	153	5	10	236	1	223	1.12e-130	370
P47343.1	Q3KGL4.1	26.337	243	163	6	1	239	1	231	2.72e-130	370
P47343.1	A6VAM7.1	28.333	240	157	6	1	236	1	229	5.60e-130	369
P47343.1	A5VIJ2.1	27.119	236	162	5	10	242	1	229	7.41e-130	369
P47343.1	C3KDS6.1	26.971	241	160	6	1	237	1	229	8.95e-130	369
P47343.1	C6DC11.1	32.035	231	141	7	17	239	6	228	9.31e-130	368
P47343.1	Q02HQ1.1	28.333	240	157	6	1	236	1	229	9.59e-130	369
P47343.1	A1JKI8.1	32.432	222	140	5	17	234	6	221	1.56e-129	368
P47343.1	Q4ZPC2.1	27.917	240	157	6	1	236	1	228	1.97e-129	367
P47343.1	Q9K682.1	31.304	230	148	5	11	237	1	223	2.19e-129	367
P47343.1	A8GI39.1	30.000	230	145	7	17	238	6	227	2.26e-129	367
P47343.1	A8MM35.1	27.155	232	159	5	10	238	1	225	2.48e-129	367
P47343.1	Q87XE2.1	27.500	240	158	6	1	236	1	228	2.92e-129	367
P47343.1	B7HYF9.1	30.303	231	151	5	10	237	1	224	3.12e-129	367
P47343.1	Q2NS03.1	30.702	228	148	5	17	240	6	227	3.38e-129	367
P47343.1	B4RLL6.1	29.333	225	149	5	15	235	1	219	3.43e-129	367
P47343.1	A6TCJ2.1	30.603	232	147	6	17	242	6	229	4.19e-129	367
P47343.1	A9LZA2.1	28.889	225	150	5	15	235	1	219	4.55e-129	366
P47343.1	Q630K2.1	30.303	231	151	5	10	237	1	224	5.57e-129	366
P47343.1	A9VSJ0.1	30.736	231	150	5	10	237	1	224	6.29e-129	366
P47343.1	Q88YG1.1	28.692	237	159	5	10	243	1	230	9.34e-129	366
P47343.1	Q5WAZ9.1	28.205	234	158	5	11	241	1	227	9.39e-129	366
P47343.1	A6L7T5.1	31.441	229	143	6	10	233	1	220	9.73e-129	365
P47343.1	Q72X51.1	30.303	231	151	5	10	237	1	224	9.74e-129	365
P47343.1	Q48ET5.1	27.500	240	158	6	1	236	1	228	1.37e-128	365
P47343.1	Q65DN9.1	29.870	231	152	5	10	237	1	224	1.61e-128	365
P47343.1	A8FIM7.1	31.878	229	146	5	10	235	1	222	1.69e-128	365
P47343.1	Q7MNR0.2	29.646	226	145	6	17	236	6	223	2.04e-128	365
P47343.1	P43731.1	32.444	225	142	5	15	235	1	219	2.31e-128	364
P47343.1	Q5L9D9.1	31.878	229	142	6	10	233	1	220	2.94e-128	364
P47343.1	Q3BNI2.1	27.615	239	162	5	11	245	7	238	3.42e-128	365
P47343.1	B0UWA7.1	31.169	231	145	6	15	239	1	223	3.69e-128	364
P47343.1	A1KU26.1	28.889	225	150	5	15	235	1	219	4.55e-128	364
P47343.1	A8A392.1	31.197	234	147	6	15	242	4	229	5.44e-128	364
P47343.1	Q9JUC4.1	28.889	225	150	5	15	235	1	219	5.79e-128	364
P47343.1	B5Z154.1	32.051	234	145	6	15	242	4	229	6.00e-128	364
P47343.1	Q0T1S6.1	31.197	234	147	6	15	242	4	229	6.48e-128	364
P47343.1	B5XNF8.1	30.603	232	147	6	17	242	6	229	7.23e-128	364
P47343.1	B2TQZ9.1	29.870	231	152	5	10	237	1	224	8.16e-128	363
P47343.1	A1AEB0.1	31.624	234	146	6	15	242	4	229	8.90e-128	363
P47343.1	Q6D208.1	31.004	229	146	6	17	239	6	228	1.17e-127	363
P47343.1	B7MYL3.1	31.624	234	146	6	15	242	4	229	1.26e-127	363
P47343.1	Q03GV8.1	27.039	233	160	5	10	239	1	226	1.30e-127	363
P47343.1	B4F058.1	33.480	227	137	6	17	237	6	224	1.55e-127	363
P47343.1	B7NRN6.1	31.624	234	146	6	15	242	4	229	1.94e-127	362
P47343.1	Q8PFZ6.1	27.197	239	163	5	11	245	7	238	2.06e-127	363
P47343.1	Q8FF08.3	31.169	231	149	5	15	241	4	228	2.11e-127	362
P47343.1	C3LFS7.1	30.303	231	151	5	10	237	1	224	2.12e-127	362
P47343.1	B7HG60.1	30.303	231	151	5	10	237	1	224	2.26e-127	362
P47343.1	A8AD07.1	31.466	232	145	6	17	242	6	229	2.58e-127	362
P47343.1	B7LUY5.1	31.197	234	147	6	15	242	4	229	2.91e-127	362
P47343.1	A6M317.1	29.870	231	152	5	10	237	1	224	3.28e-127	362
P47343.1	C0Z887.1	28.151	238	157	6	10	242	1	229	3.58e-127	362
P47343.1	Q0TUH0.1	28.139	231	156	5	10	237	1	224	3.62e-127	362
P47343.1	A9MGV9.1	30.769	234	148	6	15	242	4	229	4.13e-127	362
P47343.1	Q65VN0.1	31.304	230	148	5	15	240	1	224	5.25e-127	361
P47343.1	B5F228.1	31.034	232	150	5	15	242	4	229	5.49e-127	361
P47343.1	Q8XNR7.1	28.571	231	155	5	10	237	1	224	6.20e-127	361
P47343.1	A5F5R5.1	32.143	224	138	6	17	234	6	221	6.28e-127	361
P47343.1	Q92LU5.1	26.496	234	161	5	12	241	5	231	8.57e-127	361
P47343.1	A7MS85.1	32.174	230	142	6	16	239	5	226	9.12e-127	360
P47343.1	A0RLI1.1	29.870	231	152	5	10	237	1	224	9.40e-127	360
P47343.1	Q0SWB8.1	28.139	231	156	5	10	237	1	224	9.93e-127	360
P47343.1	A9N0W3.1	30.603	232	151	5	15	242	4	229	1.04e-126	360
P47343.1	Q87SC4.1	32.174	230	142	6	16	239	5	226	1.09e-126	360
P47343.1	C4LC44.1	29.258	229	148	6	15	237	1	221	1.10e-126	360
P47343.1	Q7N1U8.1	30.357	224	142	6	17	234	6	221	1.49e-126	360
P47343.1	A4WDE9.1	30.000	230	151	5	17	242	6	229	1.75e-126	360
P47343.1	B7JHM3.1	29.870	231	152	5	10	237	1	224	2.09e-126	360
P47343.1	Q8A5V6.1	31.004	229	144	6	10	233	1	220	2.49e-126	359
P47343.1	A6UDC0.1	26.068	234	162	5	12	241	5	231	2.62e-126	360
P47343.1	C1CXS7.1	28.632	234	157	6	10	240	21	247	2.87e-126	360
P47343.1	B8FSV8.1	28.384	229	153	5	11	236	1	221	2.89e-126	359
P47343.1	Q6HAN7.1	29.870	231	152	5	10	237	1	224	3.00e-126	359
P47343.1	Q8UCM8.1	29.412	238	153	6	12	243	10	238	3.44e-126	360
P47343.1	A5UBC0.1	31.111	225	145	5	15	235	1	219	1.28e-125	357
P47343.1	B6J738.1	30.131	229	149	5	16	240	8	229	1.50e-125	358
P47343.1	B7IRS8.1	29.870	231	152	5	10	237	1	224	1.68e-125	357
P47343.1	A3MZ80.1	30.396	227	144	6	15	235	1	219	3.77e-125	357
P47343.1	Q83CW4.1	30.131	229	149	5	16	240	8	229	3.98e-125	357
P47343.1	Q4QPM6.1	31.556	225	144	5	15	235	1	219	4.02e-125	356
P47343.1	Q92CI1.1	27.948	229	155	5	11	236	1	222	6.37e-125	356
P47343.1	B8F6C3.1	31.140	228	142	6	15	236	1	219	7.68e-125	355
P47343.1	B2SJF5.1	26.778	239	164	5	11	245	7	238	7.81e-125	356
P47343.1	Q9RWH9.1	25.714	245	171	7	2	242	10	247	9.44e-125	356
P47343.1	A6TVW5.1	27.350	234	160	5	11	241	1	227	1.11e-124	355
P47343.1	C4Z8Z2.1	29.130	230	152	5	11	236	1	223	1.19e-124	355
P47343.1	B0RWT2.1	27.542	236	160	5	11	242	7	235	1.29e-124	356
P47343.1	B6EKY3.1	29.956	227	145	6	14	234	1	219	1.45e-124	355
P47343.1	Q720K2.1	27.511	229	156	5	11	236	1	222	2.51e-124	354
P47343.1	B2GAM7.1	25.214	234	165	5	10	240	1	227	3.33e-124	354
P47343.1	Q182G9.1	32.328	232	143	6	11	237	1	223	3.60e-124	354
P47343.1	A0KMZ1.1	30.667	225	142	6	15	233	1	217	4.27e-124	354
P47343.1	B2VEC7.1	30.702	228	142	7	17	236	6	225	7.89e-124	353
P47343.1	B6J089.1	29.694	229	150	5	16	240	8	229	9.13e-124	353
P47343.1	Q8Y7P6.1	27.511	229	156	5	11	236	1	222	1.08e-123	353
P47343.1	B0VD25.1	28.750	240	159	6	1	235	3	235	1.11e-123	353
P47343.1	A3M500.2	28.750	240	159	6	1	235	3	235	1.29e-123	353
P47343.1	B3ERG6.1	30.837	227	147	5	10	233	1	220	1.37e-123	352
P47343.1	A9KCD5.2	30.357	224	145	5	16	235	8	224	2.30e-123	352
P47343.1	A4SK71.1	30.667	225	142	6	15	233	1	217	5.79e-123	351
P47343.1	Q03SK6.1	26.971	241	164	6	10	245	1	234	5.95e-123	352
P47343.1	A6VLV4.1	31.441	229	143	6	15	237	1	221	7.61e-123	350
P47343.1	B0VMZ7.1	28.750	240	159	6	1	235	3	235	9.70e-123	351
P47343.1	P57807.1	29.956	227	145	6	15	235	1	219	1.29e-122	350
P47343.1	Q38VY5.1	29.060	234	155	6	10	240	1	226	1.43e-122	350
P47343.1	O84613.1	30.263	228	150	4	12	236	8	229	3.51e-122	349
P47343.1	B5FAJ7.1	32.735	223	136	6	17	233	4	218	3.66e-122	349
P47343.1	Q5E2Y8.1	33.184	223	135	6	17	233	4	218	4.27e-122	349
P47343.1	B0B8I2.1	30.263	228	150	4	12	236	8	229	4.56e-122	349
P47343.1	Q7VMC0.1	31.140	228	143	6	15	236	1	220	4.65e-122	348
P47343.1	Q9PA28.2	26.695	236	162	5	11	242	15	243	5.42e-122	350
P47343.1	B2IAB2.1	27.119	236	161	5	11	242	15	243	6.39e-122	349
P47343.1	B1I012.1	28.821	229	155	4	10	235	1	224	7.40e-122	348
P47343.1	B0U620.1	27.119	236	161	5	11	242	15	243	2.28e-121	348
P47343.1	Q3IG47.1	28.319	226	151	5	15	235	1	220	4.09e-121	346
P47343.1	B1YFL0.1	29.778	225	148	5	14	235	1	218	4.86e-121	346
P47343.1	A0Q7Y8.1	30.493	223	145	5	17	235	2	218	1.06e-120	345
P47343.1	B1JRB1.1	33.333	222	138	5	17	234	6	221	1.60e-120	345
P47343.1	A4IWI7.1	30.942	223	144	5	17	235	2	218	1.91e-120	344
P47343.1	Q8EPH6.1	31.356	236	148	6	10	240	1	227	1.93e-120	345
P47343.1	Q6F9Y2.1	27.083	240	163	6	1	235	3	235	2.27e-120	345
P47343.1	B3WCZ5.1	27.542	236	160	6	10	242	1	228	2.37e-120	345
P47343.1	A4TKZ2.1	33.333	222	138	5	17	234	6	221	2.43e-120	344
P47343.1	A9KP29.1	29.437	231	152	5	11	237	1	224	3.00e-120	344
P47343.1	Q9PJD2.1	29.956	227	150	4	12	235	8	228	3.42e-120	344
P47343.1	Q5L4Q4.1	28.509	228	154	4	12	236	8	229	3.81e-120	344
P47343.1	A7FFS4.1	33.333	222	138	5	17	234	6	221	6.22e-120	343
P47343.1	Q74K70.1	26.971	241	161	7	10	245	1	231	1.13e-119	343
P47343.1	B2RHL6.1	29.646	226	150	5	11	233	3	222	1.21e-119	342
P47343.1	Q821F7.1	28.947	228	153	4	12	236	8	229	1.30e-119	343
P47343.1	Q5R080.1	33.484	221	134	6	18	233	3	215	1.72e-119	342
P47343.1	B0TXF5.1	32.432	222	140	5	18	235	3	218	2.29e-119	342
P47343.1	Q7MXF6.1	29.646	226	150	5	11	233	3	222	3.66e-119	341
P47343.1	Q4L3Q7.1	27.149	221	150	5	17	234	2	214	5.40e-119	341
P47343.1	Q9Z7D3.1	29.412	238	159	4	2	236	5	236	7.78e-119	341
P47343.1	Q9LIH6.1	29.130	230	149	5	13	235	108	330	7.90e-119	345
P47343.1	Q256I7.1	27.632	228	156	4	12	236	8	229	8.27e-119	341
P47343.1	Q1IWN1.1	25.974	231	160	6	14	241	22	244	9.13e-119	341
P47343.1	P13051.2	30.804	224	142	6	16	234	96	311	1.11e-118	343
P47343.1	A7NAN4.1	30.942	223	144	5	17	235	2	218	1.18e-118	340
P47343.1	Q30Q92.1	30.531	226	147	5	13	235	5	223	1.74e-118	340
P47343.1	B9DKT3.1	26.364	220	151	5	18	234	3	214	1.87e-118	339
P47343.1	P29950.1	29.018	224	144	6	25	242	1	215	1.94e-118	339
P47343.1	B6YR15.1	31.004	229	144	6	10	233	1	220	2.06e-118	339
P47343.1	A5FFT1.1	30.396	227	149	4	10	233	1	221	2.28e-118	339
P47343.1	Q827B3.1	28.139	231	151	7	12	237	5	225	2.90e-118	339
P47343.1	A5IQD5.1	27.602	221	149	5	17	234	2	214	4.18e-118	338
P47343.1	Q2YS83.1	27.602	221	149	5	17	234	2	214	4.66e-118	338
P47343.1	Q9K3Z0.1	27.706	231	152	7	12	237	5	225	6.11e-118	338
P47343.1	Q04BG7.1	26.809	235	161	6	10	241	1	227	1.02e-117	338
P47343.1	Q1GB22.1	26.809	235	161	6	10	241	1	227	1.05e-117	338
P47343.1	Q723S4.1	28.889	225	150	5	17	238	4	221	1.07e-117	337
P47343.1	Q6GBQ6.1	27.602	221	149	5	17	234	2	214	1.33e-117	337
P47343.1	A7GVX1.1	28.205	234	157	6	7	237	3	228	1.71e-117	337
P47343.1	P97931.3	31.250	224	141	6	16	234	89	304	1.81e-117	340
P47343.1	Q8Y9X7.1	28.889	225	150	5	17	238	4	221	2.22e-117	337
P47343.1	Q92EQ0.1	27.928	222	150	5	17	235	4	218	4.15e-117	336
P47343.1	Q64QI5.1	28.194	227	153	5	10	233	1	220	5.88e-117	335
P47343.1	Q5LA67.1	28.194	227	153	5	10	233	1	220	8.91e-117	335
P47343.1	A0M1V1.1	29.515	227	151	4	10	233	1	221	1.34e-116	335
P47343.1	A7I0A8.1	29.915	234	152	6	6	235	2	227	1.52e-116	335
P47343.1	Q5FL46.1	25.316	237	166	6	11	244	3	231	5.27e-116	333
P47343.1	Q8EB78.1	30.045	223	146	5	17	235	2	218	7.67e-116	333
P47343.1	B5RKV2.1	31.304	230	146	5	10	234	1	223	9.44e-116	333
P47343.1	Q49VD1.1	26.697	221	151	5	17	234	2	214	1.50e-115	332
P47343.1	A8YUE7.1	24.790	238	168	6	11	245	3	232	1.98e-115	332
P47343.1	B5RQN2.1	30.870	230	147	5	10	234	1	223	2.82e-115	332
P47343.1	A7ZAZ4.1	27.155	232	158	7	7	235	3	226	4.29e-115	331
P47343.1	Q8R634.1	29.870	231	152	5	11	238	1	224	8.97e-115	330
P47343.1	B2S1N8.1	30.870	230	147	5	10	234	1	223	9.95e-115	330
P47343.1	Q03KM6.1	27.477	222	149	5	15	233	3	215	1.85e-114	329
P47343.1	A5EVB8.1	29.437	231	152	6	9	235	6	229	1.92e-114	330
P47343.1	A1QYK3.1	30.435	230	148	5	10	234	1	223	2.75e-114	329
P47343.1	Q662W1.1	33.043	230	142	5	10	234	1	223	4.32e-114	328
P47343.1	Q7MA00.1	28.216	241	158	7	1	237	1	230	2.19e-113	327
P47343.1	A0RM89.1	24.786	234	165	6	7	237	3	228	2.29e-113	327
P47343.1	B7J0Y9.1	32.174	230	144	5	10	234	1	223	4.40e-113	326
P47343.1	Q8CQ65.1	28.636	220	146	5	18	234	3	214	5.28e-113	325
P47343.1	Q5HRG5.1	28.182	220	147	5	18	234	3	214	1.74e-112	324
P47343.1	B9KEK7.1	28.571	231	153	6	9	235	5	227	2.25e-112	324
P47343.1	A3CN85.1	28.829	222	146	5	15	233	3	215	2.27e-112	324
P47343.1	Q0SPB2.1	31.739	230	145	5	10	234	1	223	2.37e-112	324
P47343.1	A8AXM4.1	28.378	222	147	5	15	233	3	215	4.78e-112	323
P47343.1	A4VV30.1	27.477	222	149	5	15	233	3	215	8.18e-112	322
P47343.1	B9E8N2.1	29.545	220	144	5	17	233	2	213	1.19e-111	322
P47343.1	Q5HX80.1	30.870	230	147	7	11	236	10	231	1.99e-111	322
P47343.1	A1VXG9.1	30.435	230	148	7	11	236	10	231	2.02e-111	322
P47343.1	Q9PJ40.1	30.870	230	147	7	11	236	10	231	2.30e-111	322
P47343.1	P0A4P3.1	26.577	222	151	5	15	233	3	215	1.07e-110	320
P47343.1	Q8DTV8.1	27.928	222	148	5	15	233	3	215	1.61e-110	319
P47343.1	A7H1G3.1	29.565	230	150	7	11	236	10	231	1.63e-110	320
P47343.1	A8FJP1.1	30.435	230	148	7	11	236	10	231	5.44e-110	318
P47343.1	B8D787.1	31.982	222	142	5	17	235	4	219	5.82e-110	318
P47343.1	P12887.1	30.588	255	158	7	6	244	94	345	1.27e-109	322
P47343.1	P53766.2	29.333	225	148	6	18	237	128	346	1.33e-109	322
P47343.1	C0M7J9.1	26.786	224	152	5	13	233	1	215	2.27e-109	316
P47343.1	B1IBW9.1	27.928	222	148	5	15	233	3	215	2.99e-109	316
P47343.1	B4U3D4.1	26.786	224	152	5	13	233	1	215	3.02e-109	316
P47343.1	P59465.1	32.174	230	142	6	10	233	1	222	4.64e-109	316
P47343.1	C0ME57.1	27.232	224	151	5	13	233	1	215	1.17e-108	315
P47343.1	Q7VRQ7.1	31.839	223	142	5	17	235	5	221	6.53e-108	313
P47343.1	A8EWN8.1	30.455	220	144	5	17	233	2	215	8.31e-108	312
P47343.1	C1CKR8.1	27.928	222	148	5	15	233	3	215	1.16e-107	312
P47343.1	B8ZQ48.1	27.928	222	148	5	15	233	3	215	1.57e-107	312
P47343.1	B5E4R3.1	27.928	222	148	5	15	233	3	215	1.72e-107	312
P47343.1	B9DSB9.1	27.928	222	148	5	15	233	3	215	1.83e-107	312
P47343.1	A1SUE5.1	30.045	223	142	6	17	233	2	216	2.38e-107	311
P47343.1	Q9U221.1	27.686	242	154	9	5	234	48	280	3.19e-107	313
P47343.1	Q07YI6.1	30.631	222	144	5	18	235	5	220	3.37e-107	311
P47343.1	Q057V4.1	34.632	231	138	6	10	235	1	223	5.51e-107	311
P47343.1	Q7P1I1.1	25.523	239	167	5	7	241	4	235	1.09e-106	310
P47343.1	Q48U05.1	26.577	222	151	5	15	233	3	215	1.57e-106	309
P47343.1	B2UDL1.1	28.992	238	148	7	14	239	35	263	7.04e-106	309
P47343.1	Q1JC76.1	26.126	222	152	5	15	233	3	215	7.10e-106	307
P47343.1	B5XL20.1	25.676	222	153	5	15	233	3	215	1.35e-105	306
P47343.1	A2RF00.1	25.676	222	153	5	15	233	3	215	1.38e-105	306
P47343.1	Q1J724.1	25.893	224	154	5	13	233	1	215	4.66e-105	305
P47343.1	P0DG74.1	26.126	222	152	5	15	233	3	215	5.32e-105	305
P47343.1	Q8P1B6.1	26.577	222	151	5	15	233	3	215	8.70e-105	305
P47343.1	O74834.1	28.936	235	155	7	6	234	74	302	1.13e-104	308
P47343.1	Q5XCK3.1	26.126	222	152	5	15	233	3	215	7.94e-104	302
P47343.1	A1UEC0.1	25.214	234	160	7	8	236	4	227	8.43e-104	303
P47343.1	Q7VGS1.1	27.197	239	153	7	7	233	3	232	9.72e-104	303
P47343.1	A4TE31.1	24.786	234	159	7	8	236	4	225	1.34e-103	302
P47343.1	B8ZS02.1	24.786	234	161	7	8	236	4	227	1.79e-103	302
P47343.1	A0QV01.1	23.932	234	163	7	8	236	4	227	1.94e-103	301
P47343.1	Q8XVE4.1	27.542	236	150	7	14	237	38	264	2.32e-103	303
P47343.1	B1MXY4.1	25.221	226	157	5	11	233	1	217	3.85e-103	301
P47343.1	A1T717.1	23.932	234	161	7	8	236	4	225	5.96e-103	300
P47343.1	Q73VJ7.1	24.359	234	162	7	8	236	4	227	1.51e-102	299
P47343.1	A0QJA9.1	24.359	234	162	7	8	236	4	227	2.17e-102	299
P47343.1	Q47Q90.1	22.881	236	165	7	6	236	5	228	4.01e-102	298
P47343.1	B2HIJ2.1	23.504	234	164	8	8	236	4	227	6.21e-102	298
P47343.1	A0PQ07.1	23.932	234	163	7	8	236	4	227	1.11e-101	297
P47343.1	P28866.1	30.508	236	151	6	4	236	87	312	2.79e-101	299
P47343.1	B1MDP0.1	23.077	234	164	7	8	236	4	226	3.10e-101	296
P47343.1	Q5YRZ2.1	23.932	234	163	7	8	236	4	227	7.69e-101	295
P47343.1	Q8FPQ4.1	27.615	239	151	9	2	235	17	238	5.65e-100	293
P47343.1	Q03W63.1	24.670	227	158	5	11	233	1	218	1.02e-99	292
P47343.1	P52506.1	31.556	225	143	5	14	235	98	314	1.08e-99	295
P47343.1	P52507.1	31.556	225	143	5	14	235	99	315	2.22e-99	295
P47343.1	Q9EX12.1	25.000	236	160	7	6	236	2	225	7.96e-98	287
P47343.1	Q21SE9.1	25.197	254	165	9	1	233	1	250	1.74e-97	287
P47343.1	Q032L5.1	30.045	223	142	6	17	234	5	218	3.24e-97	286
P47343.1	A1SNW4.1	25.751	233	156	7	11	238	10	230	3.39e-97	286
P47343.1	A2RHW2.1	30.045	223	142	6	17	234	5	218	5.02e-97	285
P47343.1	P28275.1	26.549	226	155	5	13	235	38	255	7.08e-97	286
P47343.1	P10186.1	26.549	226	155	5	13	235	117	334	8.24e-97	289
P47343.1	Q9CIX2.1	28.700	223	145	6	17	234	5	218	9.57e-97	284
P47343.1	Q7VUM8.1	28.326	233	150	7	18	243	23	245	1.37e-96	285
P47343.1	Q7W1Y7.1	28.326	233	150	7	18	243	23	245	2.10e-96	285
P47343.1	Q7WQW5.1	28.326	233	150	7	18	243	23	245	2.30e-96	285
P47343.1	Q82MX6.1	26.271	236	157	7	6	236	2	225	3.91e-96	283
P47343.1	P47343.1	100.000	245	0	0	1	245	1	245	1.07e-95	283
P47343.1	Q315T1.1	24.336	226	160	6	15	233	12	233	2.59e-95	281
P47343.1	Q8NQU9.1	25.203	246	150	8	14	235	19	254	3.66e-95	281
P47343.1	A9IGW1.1	26.271	236	159	8	14	242	19	246	5.78e-95	281
P47343.1	P12888.1	27.083	240	157	8	7	235	23	255	4.46e-94	279
P47343.1	Q98PV4.1	32.444	225	142	5	15	236	4	221	5.16e-94	278
P47343.1	P53765.2	27.459	244	159	8	3	235	18	254	8.23e-94	278
P47343.1	Q9E6R2.1	27.876	226	154	6	14	236	93	312	1.46e-93	280
P47343.1	P09307.1	28.319	226	150	5	14	235	87	304	2.01e-93	279
P47343.1	Q9J3N2.1	28.319	226	150	5	14	235	87	304	3.08e-93	279
P47343.1	P13158.1	25.676	222	154	5	13	231	78	291	4.05e-93	278
P47343.1	O36395.1	27.311	238	153	9	11	236	23	252	7.07e-93	276
P47343.1	A8LD98.1	24.786	234	159	7	8	236	4	225	7.07e-93	275
P47343.1	Q2L0Y2.1	25.726	241	159	8	14	242	19	251	2.59e-92	274
P47343.1	A1KMX0.1	23.932	234	163	7	8	236	4	227	2.93e-92	273
P47343.1	B5ZC55.1	31.507	219	138	6	18	233	3	212	2.36e-91	270
P47343.1	P53764.1	29.384	211	138	7	29	236	2	204	8.04e-91	269
P47343.1	P67078.1	24.670	227	160	6	13	236	12	230	1.08e-90	270
P47343.1	Q01019.1	26.068	234	155	8	13	235	25	251	1.23e-89	268
P47343.1	Q1GHJ4.1	26.556	241	161	7	1	239	1	227	5.20e-89	265
P47343.1	Q8G3E9.1	25.114	219	143	7	28	235	5	213	1.41e-88	263
P47343.1	F5HFA1.1	25.301	249	168	8	1	238	14	255	1.80e-88	265
P47343.1	B1AJI8.1	31.507	219	138	6	18	233	3	212	1.13e-87	261
P47343.1	F5HI85.1	21.586	227	167	7	13	235	29	248	1.75e-85	257
P47343.1	P75536.1	56.034	232	102	0	3	234	1	232	2.01e-85	256
P47343.1	Q4A8N4.1	34.211	228	139	5	10	235	1	219	4.61e-85	255
P47343.1	Q9ZJN9.1	31.330	233	135	10	17	235	12	233	9.54e-85	254
P47343.1	P52447.1	25.974	231	158	8	14	238	32	255	1.00e-84	255
P47343.1	Q1CRR1.1	32.618	233	132	10	17	235	12	233	2.36e-84	253
P47343.1	B5Z8Z4.1	30.472	233	137	10	17	235	12	233	2.61e-84	253
P47343.1	P56397.1	30.901	233	136	10	17	235	12	233	7.27e-84	252
P47343.1	B2UVB0.1	32.618	233	132	10	17	235	12	233	1.35e-83	251
P47343.1	P52345.1	25.108	231	160	8	14	238	32	255	1.51e-82	249
P47343.1	B6JNI4.1	30.043	233	138	10	17	235	12	233	2.01e-82	249
P47343.1	Q17Z05.1	29.614	233	139	10	17	235	12	233	2.03e-82	248
P47343.1	P50639.1	25.751	233	156	8	14	238	30	253	4.55e-82	248
P47343.1	Q6UDG6.1	28.761	226	150	6	14	236	145	362	5.92e-82	252
P47343.1	Q5UPT2.1	26.829	246	147	8	16	235	132	370	1.35e-69	221
P47343.1	Q91UM2.1	18.803	234	152	13	9	234	10	213	1.84e-49	164
P47343.1	P04303.2	18.803	234	152	13	9	234	10	213	2.07e-49	164
P47343.1	M1LL92.1	18.803	234	152	13	9	234	10	213	2.26e-49	164
P47343.1	P20536.1	18.803	234	152	13	9	234	10	213	4.99e-49	163
P47343.1	P0DSP8.1	18.966	232	154	12	9	234	10	213	6.97e-49	162
P47343.1	P0DSP7.1	18.534	232	155	12	9	234	10	213	1.40e-47	159
P47343.1	P21968.2	20.091	219	153	11	15	233	16	212	5.39e-43	147
P47343.1	P32941.1	18.777	229	158	12	8	233	9	212	4.69e-30	114
P47343.1	B7GMM1.1	29.870	231	152	5	10	237	1	224	6.69e-139	391
P47343.1	Q836Z5.1	28.755	233	156	5	10	239	1	226	1.24e-137	388
P47343.1	A7GVE5.1	29.870	231	152	5	10	237	1	224	6.19e-137	386
P47343.1	Q1I5T6.1	28.631	241	156	6	1	237	1	229	6.48e-137	387
P47343.1	C1DQR0.1	27.468	233	158	5	11	239	7	232	1.15e-136	386
P47343.1	Q88N05.1	29.046	241	155	6	1	237	1	229	2.39e-136	385
P47343.1	Q4KGS0.1	26.141	241	162	6	1	237	1	229	3.43e-136	385
P47343.1	B0KV50.1	29.461	241	154	6	1	237	1	229	3.54e-136	385
P47343.1	C5D9T3.1	28.261	230	155	5	11	237	1	223	5.65e-136	384
P47343.1	A5W8H2.1	29.046	241	155	6	1	237	1	229	8.90e-136	384
P47343.1	Q5KUD0.1	28.261	230	155	5	11	237	1	223	9.48e-136	384
P47343.1	B1J4J3.1	28.216	241	157	6	1	237	1	229	1.47e-135	383
P47343.1	A6VAM7.1	28.333	240	157	6	1	236	1	229	2.61e-135	382
P47343.1	P39615.1	31.441	229	147	5	10	235	1	222	3.20e-135	382
P47343.1	Q02HQ1.1	28.333	240	157	6	1	236	1	229	5.27e-135	382
P47343.1	C6DC11.1	31.878	229	144	6	17	239	6	228	9.04e-135	381
P47343.1	Q3KGL4.1	26.337	243	163	6	1	239	1	231	1.24e-134	381
P47343.1	Q2NS03.1	30.702	228	148	5	17	240	6	227	1.43e-134	380
P47343.1	A4ITQ2.1	27.391	230	157	5	11	237	1	223	1.60e-134	380
P47343.1	A7ZA24.1	29.130	230	153	5	10	236	1	223	1.80e-134	380
P47343.1	A6TCJ2.1	29.741	232	153	5	15	242	4	229	2.06e-134	380
P47343.1	A1JKI8.1	32.432	222	140	5	17	234	6	221	3.88e-134	379
P47343.1	A8GI39.1	29.386	228	149	6	17	238	6	227	3.92e-134	379
P47343.1	A8A392.1	30.603	232	151	5	15	242	4	229	6.81e-134	379
P47343.1	B5Z154.1	31.466	232	149	5	15	242	4	229	8.67e-134	379
P47343.1	Q0T1S6.1	30.603	232	151	5	15	242	4	229	1.07e-133	378
P47343.1	A1AEB0.1	31.034	232	150	5	15	242	4	229	1.19e-133	378
P47343.1	B7MYL3.1	31.466	232	149	5	15	242	4	229	1.26e-133	378
P47343.1	A8MM35.1	27.155	232	159	5	10	238	1	225	1.30e-133	378
P47343.1	C3KDS6.1	26.971	241	160	6	1	237	1	229	1.32e-133	378
P47343.1	Q4ZPC2.1	27.917	240	157	6	1	236	1	228	1.93e-133	378
P47343.1	B7NRN6.1	31.034	232	150	5	15	242	4	229	2.35e-133	377
P47343.1	Q9K682.1	31.304	230	148	5	11	237	1	223	3.05e-133	377
P47343.1	B5XNF8.1	30.000	230	151	5	17	242	6	229	3.13e-133	377
P47343.1	Q8FF08.3	31.169	231	149	5	15	241	4	228	3.63e-133	377
P47343.1	P43731.1	32.444	225	142	5	15	235	1	219	3.67e-133	377
P47343.1	B7LUY5.1	30.603	232	151	5	15	242	4	229	4.20e-133	377
P47343.1	Q87XE2.1	27.500	240	158	6	1	236	1	228	4.26e-133	377
P47343.1	B4RLL6.1	29.333	225	149	5	15	235	1	219	6.48e-133	376
P47343.1	A8FIM7.1	31.878	229	146	5	10	235	1	222	7.05e-133	376
P47343.1	Q6D208.1	31.004	229	146	6	17	239	6	228	7.57e-133	376
P47343.1	B5F228.1	31.034	232	150	5	15	242	4	229	8.76e-133	376
P47343.1	B2TQZ9.1	29.870	231	152	5	10	237	1	224	8.76e-133	376
P47343.1	A6L7T5.1	29.956	227	149	5	10	233	1	220	1.03e-132	375
P47343.1	A8AD07.1	30.870	230	149	5	17	242	6	229	1.07e-132	376
P47343.1	B7HYF9.1	30.303	231	151	5	10	237	1	224	1.14e-132	375
P47343.1	A9LZA2.1	28.889	225	150	5	15	235	1	219	1.51e-132	375
P47343.1	A9N0W3.1	30.603	232	151	5	15	242	4	229	1.62e-132	375
P47343.1	Q630K2.1	30.303	231	151	5	10	237	1	224	1.65e-132	375
P47343.1	Q65DN9.1	29.870	231	152	5	10	237	1	224	1.91e-132	375
P47343.1	Q48ET5.1	27.500	240	158	6	1	236	1	228	2.35e-132	375
P47343.1	A9MGV9.1	30.603	232	151	5	15	242	4	229	2.40e-132	375
P47343.1	A5VIJ2.1	27.119	236	162	5	10	242	1	229	2.86e-132	375
P47343.1	Q7MNR0.2	28.571	224	150	5	17	236	6	223	3.38e-132	374
P47343.1	Q72X51.1	30.303	231	151	5	10	237	1	224	3.48e-132	374
P47343.1	A4WDE9.1	30.000	230	151	5	17	242	6	229	3.89e-132	374
P47343.1	Q5L9D9.1	30.837	227	147	5	10	233	1	220	6.15e-132	374
P47343.1	A1KU26.1	28.889	225	150	5	15	235	1	219	6.41e-132	374
P47343.1	A6M317.1	29.870	231	152	5	10	237	1	224	7.42e-132	374
P47343.1	Q5WAZ9.1	28.205	234	158	5	11	241	1	227	7.81e-132	374
P47343.1	A5F5R5.1	30.396	227	148	5	17	239	6	226	1.01e-131	373
P47343.1	C0Z887.1	27.542	236	161	5	10	242	1	229	1.03e-131	373
P47343.1	Q92LU5.1	25.957	235	163	5	11	241	4	231	1.09e-131	374
P47343.1	B4F058.1	32.159	227	144	5	15	237	4	224	1.14e-131	373
P47343.1	Q87SC4.1	31.140	228	147	5	16	239	5	226	1.17e-131	373
P47343.1	B0UWA7.1	30.131	229	150	5	15	239	1	223	1.18e-131	373
P47343.1	C4LC44.1	28.384	229	154	5	15	239	1	223	1.39e-131	373
P47343.1	Q7N1U8.1	28.509	228	153	5	15	238	4	225	1.47e-131	373
P47343.1	A7MS85.1	31.140	228	147	5	16	239	5	226	2.15e-131	372
P47343.1	A6UDC0.1	25.957	235	163	5	11	241	4	231	2.21e-131	373
P47343.1	A9VSJ0.1	30.736	231	150	5	10	237	1	224	2.25e-131	372
P47343.1	Q65VN0.1	31.304	230	148	5	15	240	1	224	2.64e-131	372
P47343.1	Q88YG1.1	28.692	237	159	5	10	243	1	230	2.93e-131	372
P47343.1	Q9JUC4.1	28.889	225	150	5	15	235	1	219	3.95e-131	371
P47343.1	Q8UCM8.1	27.966	236	159	5	12	243	10	238	5.87e-131	372
P47343.1	Q3BNI2.1	27.197	239	163	5	11	245	7	238	6.77e-131	372
P47343.1	Q0TUH0.1	28.139	231	156	5	10	237	1	224	8.18e-131	371
P47343.1	A5UBC0.1	31.111	225	145	5	15	235	1	219	1.18e-130	370
P47343.1	Q8XNR7.1	28.571	231	155	5	10	237	1	224	2.05e-130	370
P47343.1	Q03GV8.1	26.582	237	164	5	10	243	1	230	2.27e-130	370
P47343.1	B7HG60.1	30.303	231	151	5	10	237	1	224	2.70e-130	370
P47343.1	Q0SWB8.1	28.139	231	156	5	10	237	1	224	3.08e-130	369
P47343.1	Q8A5V6.1	30.396	227	148	5	10	233	1	220	3.32e-130	369
P47343.1	C1CXS7.1	28.632	234	157	6	10	240	21	247	3.68e-130	370
P47343.1	Q4QPM6.1	31.556	225	144	5	15	235	1	219	4.41e-130	369
P47343.1	C3LFS7.1	30.303	231	151	5	10	237	1	224	5.10e-130	369
P47343.1	A0RLI1.1	29.870	231	152	5	10	237	1	224	6.28e-130	369
P47343.1	B6J738.1	30.131	229	149	5	16	240	8	229	8.82e-130	369
P47343.1	B7JHM3.1	29.870	231	152	5	10	237	1	224	1.41e-129	368
P47343.1	Q8PFZ6.1	26.778	239	164	5	11	245	7	238	1.49e-129	368
P47343.1	Q6HAN7.1	29.870	231	152	5	10	237	1	224	1.96e-129	367
P47343.1	B8FSV8.1	28.384	229	153	5	11	236	1	221	2.46e-129	367
P47343.1	Q83CW4.1	30.131	229	149	5	16	240	8	229	2.55e-129	367
P47343.1	A3MZ80.1	29.333	225	149	5	15	235	1	219	2.73e-129	367
P47343.1	A6TVW5.1	27.350	234	160	5	11	241	1	227	3.49e-129	367
P47343.1	B8F6C3.1	30.088	226	147	5	15	236	1	219	3.91e-129	366
P47343.1	A0KMZ1.1	29.596	223	147	5	15	233	1	217	6.58e-129	366
P47343.1	Q182G9.1	31.739	230	147	5	11	237	1	223	9.39e-129	365
P47343.1	B2VEC7.1	30.531	226	145	6	17	236	6	225	1.07e-128	365
P47343.1	Q9RWH9.1	25.820	244	170	7	3	242	11	247	1.32e-128	366
P47343.1	B7IRS8.1	29.870	231	152	5	10	237	1	224	2.03e-128	365
P47343.1	C4Z8Z2.1	29.130	230	152	5	11	236	1	223	2.24e-128	365
P47343.1	B2SJF5.1	26.360	239	165	5	11	245	7	238	3.20e-128	365
P47343.1	Q92CI1.1	27.948	229	155	5	11	236	1	222	4.26e-128	364
P47343.1	B6J089.1	29.694	229	150	5	16	240	8	229	5.80e-128	364
P47343.1	A4SK71.1	29.596	223	147	5	15	233	1	217	6.09e-128	363
P47343.1	B3ERG6.1	30.396	227	148	5	10	233	1	220	1.16e-127	363
P47343.1	A9KCD5.2	30.357	224	145	5	16	235	8	224	1.39e-127	363
P47343.1	B0RWT2.1	27.119	236	161	5	11	242	7	235	1.47e-127	363
P47343.1	B6EKY3.1	28.889	225	150	5	14	234	1	219	1.68e-127	362
P47343.1	Q720K2.1	27.511	229	156	5	11	236	1	222	1.95e-127	362
P47343.1	B0VD25.1	28.750	240	159	6	1	235	3	235	2.06e-127	363
P47343.1	A3M500.2	28.750	240	159	6	1	235	3	235	3.45e-127	362
P47343.1	B2GAM7.1	25.214	234	165	5	10	240	1	227	7.53e-127	361
P47343.1	A6VLV4.1	30.396	227	148	5	15	237	1	221	1.23e-126	360
P47343.1	Q8Y7P6.1	27.511	229	156	5	11	236	1	222	1.45e-126	360
P47343.1	P57807.1	28.889	225	150	5	15	235	1	219	1.58e-126	360
P47343.1	B0VMZ7.1	28.750	240	159	6	1	235	3	235	2.62e-126	360
P47343.1	B5FAJ7.1	31.222	221	142	5	17	233	4	218	2.96e-126	359
P47343.1	Q5E2Y8.1	31.674	221	141	5	17	233	4	218	3.06e-126	359
P47343.1	Q7VMC0.1	30.973	226	146	5	15	236	1	220	5.16e-126	358
P47343.1	Q6F9Y2.1	27.083	240	163	6	1	235	3	235	1.41e-125	358
P47343.1	Q03SK6.1	26.971	241	164	6	10	245	1	234	2.13e-125	358
P47343.1	A0Q7Y8.1	30.493	223	145	5	17	235	2	218	2.68e-125	357
P47343.1	B1YFL0.1	29.778	225	148	5	14	235	1	218	3.88e-125	356
P47343.1	Q38VY5.1	28.270	237	159	6	10	243	1	229	4.43e-125	357
P47343.1	A4IWI7.1	30.942	223	144	5	17	235	2	218	5.71e-125	356
P47343.1	Q3IG47.1	28.319	226	151	6	15	235	1	220	7.18e-125	355
P47343.1	Q9PA28.2	26.695	236	162	5	11	242	15	243	7.50e-125	357
P47343.1	B1JRB1.1	33.333	222	138	5	17	234	6	221	7.82e-125	356
P47343.1	O84613.1	30.263	228	150	4	12	236	8	229	8.10e-125	356
P47343.1	B0B8I2.1	30.263	228	150	4	12	236	8	229	1.03e-124	355
P47343.1	A4TKZ2.1	33.333	222	138	5	17	234	6	221	1.11e-124	355
P47343.1	B2IAB2.1	27.119	236	161	5	11	242	15	243	1.26e-124	356
P47343.1	B1I012.1	28.821	229	155	4	10	235	1	224	2.22e-124	355
P47343.1	B0U620.1	27.119	236	161	5	11	242	15	243	2.95e-124	355
P47343.1	A7FFS4.1	33.333	222	138	5	17	234	6	221	3.04e-124	354
P47343.1	B0TXF5.1	32.432	222	140	5	18	235	3	218	3.58e-124	354
P47343.1	Q9LIH6.1	28.879	232	151	5	11	235	106	330	3.72e-124	358
P47343.1	A9KP29.1	29.437	231	152	5	11	237	1	224	4.11e-124	354
P47343.1	Q74K70.1	26.360	239	165	6	10	245	1	231	4.55e-124	354
P47343.1	B2RHL6.1	29.646	226	150	5	11	233	3	222	6.75e-124	353
P47343.1	Q8EPH6.1	30.342	234	153	5	10	240	1	227	8.73e-124	353
P47343.1	Q4L3Q7.1	27.149	221	150	5	17	234	2	214	1.65e-123	352
P47343.1	Q5R080.1	31.507	219	141	5	18	233	3	215	1.90e-123	352
P47343.1	B3WCZ5.1	27.542	236	160	6	10	242	1	228	2.41e-123	352
P47343.1	Q30Q92.1	30.263	228	149	5	11	235	3	223	3.17e-123	352
P47343.1	A5FFT1.1	30.396	227	149	4	10	233	1	221	4.20e-123	351
P47343.1	P13051.2	30.180	222	146	5	16	234	96	311	4.30e-123	355
P47343.1	Q9PJD2.1	29.956	227	150	4	12	235	8	228	4.42e-123	352
P47343.1	Q7MXF6.1	29.646	226	150	5	11	233	3	222	5.01e-123	351
P47343.1	A7NAN4.1	30.942	223	144	5	17	235	2	218	5.69e-123	351
P47343.1	Q5L4Q4.1	28.509	228	154	4	12	236	8	229	5.81e-123	351
P47343.1	A7GVX1.1	28.205	234	157	6	7	237	3	228	5.90e-123	351
P47343.1	A5IQD5.1	27.602	221	149	5	17	234	2	214	6.46e-123	350
P47343.1	Q2YS83.1	27.602	221	149	5	17	234	2	214	7.45e-123	350
P47343.1	Q827B3.1	27.391	230	156	6	11	237	4	225	1.04e-122	350
P47343.1	Q821F7.1	28.947	228	153	4	12	236	8	229	1.52e-122	350
P47343.1	P29950.1	27.477	222	150	5	25	242	1	215	1.71e-122	350
P47343.1	Q6GBQ6.1	27.602	221	149	5	17	234	2	214	1.93e-122	349
P47343.1	B9DKT3.1	26.364	220	151	5	18	234	3	214	2.59e-122	349
P47343.1	Q1IWN1.1	26.087	230	159	6	14	240	22	243	2.76e-122	350
P47343.1	Q9K3Z0.1	27.193	228	155	6	13	237	6	225	3.85e-122	349
P47343.1	P97931.3	30.631	222	145	5	16	234	89	304	5.95e-122	352
P47343.1	B6YR15.1	30.396	227	148	5	10	233	1	220	6.84e-122	348
P47343.1	Q256I7.1	27.632	228	156	4	12	236	8	229	1.36e-121	348
P47343.1	A7I0A8.1	29.060	234	154	6	6	235	2	227	2.03e-121	347
P47343.1	Q04BG7.1	26.809	235	161	6	10	241	1	227	2.98e-121	347
P47343.1	Q1GB22.1	26.809	235	161	6	10	241	1	227	3.44e-121	347
P47343.1	A0M1V1.1	29.515	227	151	4	10	233	1	221	5.15e-121	346
P47343.1	Q64QI5.1	28.194	227	153	5	10	233	1	220	6.61e-121	345
P47343.1	Q9Z7D3.1	29.412	238	159	4	2	236	5	236	9.61e-121	346
P47343.1	Q5FL46.1	25.316	237	166	6	11	244	3	231	1.01e-120	345
P47343.1	Q5LA67.1	28.194	227	153	5	10	233	1	220	1.39e-120	345
P47343.1	Q49VD1.1	26.697	221	151	5	17	234	2	214	2.22e-120	344
P47343.1	A7ZAZ4.1	26.724	232	159	7	7	235	3	226	2.49e-120	345
P47343.1	Q723S4.1	28.889	225	150	5	17	238	4	221	2.55e-120	344
P47343.1	Q92EQ0.1	27.928	222	150	5	17	235	4	218	4.17e-120	343
P47343.1	A8YUE7.1	24.790	238	168	6	11	245	3	232	4.46e-120	344
P47343.1	Q8EB78.1	30.045	223	146	5	17	235	2	218	6.63e-120	343
P47343.1	Q8Y9X7.1	28.889	225	150	5	17	238	4	221	9.59e-120	343
P47343.1	B5RKV2.1	30.870	230	147	5	10	234	1	223	2.10e-119	342
P47343.1	Q8R634.1	29.870	231	152	5	11	238	1	224	5.01e-119	341
P47343.1	A5EVB8.1	29.004	231	153	6	9	235	6	229	5.51e-119	341
P47343.1	B5RQN2.1	30.435	230	148	5	10	234	1	223	8.06e-119	340
P47343.1	A0RM89.1	24.786	234	165	6	7	237	3	228	8.78e-119	341
P47343.1	B2S1N8.1	30.870	230	147	5	10	234	1	223	2.02e-118	339
P47343.1	Q03KM6.1	27.477	222	149	5	15	233	3	215	2.09e-118	339
P47343.1	A1QYK3.1	30.435	230	148	5	10	234	1	223	2.57e-118	339
P47343.1	Q7MA00.1	28.216	241	158	7	1	237	1	230	5.57e-118	338
P47343.1	Q8CQ65.1	28.636	220	146	5	18	234	3	214	1.63e-117	337
P47343.1	Q5HRG5.1	28.182	220	147	5	18	234	3	214	5.04e-117	336
P47343.1	B9KEK7.1	28.571	231	153	6	9	235	5	227	7.05e-117	336
P47343.1	A3CN85.1	28.829	222	146	5	15	233	3	215	8.01e-117	335
P47343.1	A8AXM4.1	28.378	222	147	5	15	233	3	215	1.04e-116	335
P47343.1	A1VXG9.1	30.435	230	148	7	11	236	10	231	3.35e-116	334
P47343.1	Q5HX80.1	30.870	230	147	7	11	236	10	231	3.35e-116	334
P47343.1	A4VV30.1	27.477	222	149	5	15	233	3	215	3.48e-116	333
P47343.1	Q9PJ40.1	30.870	230	147	7	11	236	10	231	3.82e-116	334
P47343.1	Q662W1.1	33.043	230	142	5	10	234	1	223	5.34e-116	333
P47343.1	B9E8N2.1	29.545	220	144	5	17	233	2	213	5.84e-116	333
P47343.1	A7H1G3.1	29.565	230	150	7	11	236	10	231	1.21e-115	333
P47343.1	B7J0Y9.1	32.174	230	144	5	10	234	1	223	2.47e-115	332
P47343.1	P0A4P3.1	27.027	222	150	5	15	233	3	215	5.26e-115	330
P47343.1	Q8DTV8.1	27.928	222	148	5	15	233	3	215	6.40e-115	330
P47343.1	A8FJP1.1	30.435	230	148	7	11	236	10	231	6.51e-115	331
P47343.1	Q0SPB2.1	31.739	230	145	5	10	234	1	223	1.39e-114	330
P47343.1	B8D787.1	31.982	222	142	5	17	235	4	219	1.67e-114	329
P47343.1	P59465.1	30.702	228	148	5	10	233	1	222	5.43e-114	328
P47343.1	C0M7J9.1	27.027	222	150	5	15	233	3	215	8.21e-114	328
P47343.1	B4U3D4.1	27.027	222	150	5	15	233	3	215	1.00e-113	327
P47343.1	B1IBW9.1	27.928	222	148	5	15	233	3	215	1.67e-113	327
P47343.1	C0ME57.1	27.477	222	149	5	15	233	3	215	4.84e-113	325
P47343.1	P53766.2	29.333	225	148	6	18	237	128	346	3.46e-112	328
P47343.1	B9DSB9.1	27.928	222	148	5	15	233	3	215	3.67e-112	323
P47343.1	Q057V4.1	33.188	229	144	5	10	235	1	223	3.83e-112	324
P47343.1	A8EWN8.1	30.455	220	144	5	17	233	2	215	5.48e-112	323
P47343.1	C1CKR8.1	27.928	222	148	5	15	233	3	215	5.94e-112	323
P47343.1	Q7P1I1.1	25.523	239	167	5	7	241	4	235	6.05e-112	323
P47343.1	Q07YI6.1	30.631	222	144	5	18	235	5	220	6.45e-112	323
P47343.1	Q7VRQ7.1	31.839	223	142	5	17	235	5	221	6.76e-112	323
P47343.1	B8ZQ48.1	27.928	222	148	5	15	233	3	215	8.44e-112	322
P47343.1	Q9U221.1	26.667	240	159	8	5	234	48	280	8.89e-112	325
P47343.1	B5E4R3.1	27.928	222	148	5	15	233	3	215	9.21e-112	322
P47343.1	A1SUE5.1	29.412	221	146	5	17	233	2	216	1.04e-111	322
P47343.1	Q48U05.1	26.577	222	151	5	15	233	3	215	3.62e-111	321
P47343.1	P12887.1	30.588	255	158	7	6	244	94	345	6.24e-111	325
P47343.1	Q1JC76.1	26.126	222	152	5	15	233	3	215	1.52e-110	319
P47343.1	A2RF00.1	25.676	222	153	5	15	233	3	215	2.68e-110	318
P47343.1	B5XL20.1	25.676	222	153	5	15	233	3	215	3.42e-110	318
P47343.1	Q1J724.1	26.126	222	152	5	15	233	3	215	6.17e-110	318
P47343.1	P0DG74.1	26.126	222	152	5	15	233	3	215	1.16e-109	317
P47343.1	Q8P1B6.1	26.577	222	151	5	15	233	3	215	1.56e-109	316
P47343.1	B2UDL1.1	28.992	238	148	7	14	239	35	263	6.92e-109	317
P47343.1	B1MXY4.1	25.221	226	157	5	11	233	1	217	8.86e-109	315
P47343.1	Q5XCK3.1	26.126	222	152	5	15	233	3	215	1.66e-108	314
P47343.1	Q7VGS1.1	27.197	239	153	7	7	233	3	232	2.39e-108	314
P47343.1	Q8XVE4.1	27.542	236	150	7	14	237	38	264	6.57e-107	312
P47343.1	O74834.1	28.936	235	155	7	6	234	74	302	1.17e-106	313
P47343.1	A1UEC0.1	25.214	234	160	7	8	236	4	227	2.94e-106	309
P47343.1	A4TE31.1	24.786	234	159	8	8	236	4	225	4.20e-106	308
P47343.1	A0QV01.1	24.359	234	162	7	8	236	4	227	4.97e-106	308
P47343.1	B8ZS02.1	24.786	234	161	7	8	236	4	227	1.48e-105	307
P47343.1	A1T717.1	23.932	234	161	7	8	236	4	225	1.50e-105	307
P47343.1	Q73VJ7.1	24.359	234	162	7	8	236	4	227	3.68e-105	306
P47343.1	A0QJA9.1	24.359	234	162	7	8	236	4	227	6.57e-105	305
P47343.1	A0PQ07.1	23.932	234	163	7	8	236	4	227	1.41e-104	305
P47343.1	B2HIJ2.1	23.504	234	164	8	8	236	4	227	1.78e-104	304
P47343.1	Q03W63.1	24.670	227	158	5	11	233	1	218	2.19e-104	304
P47343.1	Q47Q90.1	22.881	236	165	8	6	236	5	228	5.26e-104	303
P47343.1	B1MDP0.1	23.077	234	164	7	8	236	4	226	1.64e-103	302
P47343.1	P28866.1	30.085	236	152	7	4	236	87	312	1.84e-103	305
P47343.1	Q5YRZ2.1	23.932	234	163	7	8	236	4	227	4.49e-103	301
P47343.1	Q8FPQ4.1	27.615	239	151	10	2	235	17	238	4.29e-102	299
P47343.1	P52506.1	30.222	225	146	6	14	235	98	314	7.21e-102	301
P47343.1	Q032L5.1	30.045	223	142	6	17	234	5	218	1.22e-101	297
P47343.1	P52507.1	30.222	225	146	6	14	235	99	315	1.58e-101	300
P47343.1	A2RHW2.1	30.045	223	142	6	17	234	5	218	2.41e-101	296
P47343.1	Q9CIX2.1	28.700	223	145	6	17	234	5	218	3.41e-101	296
P47343.1	Q21SE9.1	25.197	254	165	9	1	233	1	250	8.44e-101	296
P47343.1	A1SNW4.1	25.751	233	156	7	11	238	10	230	2.57e-100	294
P47343.1	Q9EX12.1	25.000	236	160	7	6	236	2	225	2.97e-100	293
P47343.1	Q315T1.1	24.336	226	160	6	15	233	12	233	3.31e-100	294
P47343.1	Q7VUM8.1	27.897	233	151	7	18	243	23	245	9.87e-100	293
P47343.1	Q7W1Y7.1	27.897	233	151	7	18	243	23	245	1.50e-99	293
P47343.1	P12888.1	27.500	240	156	8	7	235	23	255	1.61e-99	293
P47343.1	Q7WQW5.1	27.897	233	151	7	18	243	23	245	1.61e-99	293
P47343.1	A9IGW1.1	25.847	236	160	8	14	242	19	246	2.08e-99	292
P47343.1	P53765.2	27.459	244	159	8	3	235	18	254	3.27e-99	292
P47343.1	P28275.1	26.549	226	155	5	13	235	38	255	3.34e-99	292
P47343.1	P10186.1	26.549	226	155	5	13	235	117	334	1.03e-98	293
P47343.1	O36395.1	25.806	248	164	9	1	236	13	252	1.47e-98	290
P47343.1	Q82MX6.1	26.271	236	157	8	6	236	2	225	2.72e-98	288
P47343.1	Q8NQU9.1	25.203	246	150	8	14	235	19	254	4.21e-98	289
P47343.1	Q98PV4.1	32.444	225	142	5	15	236	4	221	6.18e-97	285
P47343.1	Q9E6R2.1	27.876	226	154	6	14	236	93	312	3.18e-96	286
P47343.1	P09307.1	29.204	226	148	6	14	235	87	304	3.55e-96	286
P47343.1	Q9J3N2.1	29.204	226	148	6	14	235	87	304	5.61e-96	286
P47343.1	A8LD98.1	24.786	234	159	7	8	236	4	225	2.13e-95	281
P47343.1	P13158.1	25.676	222	154	5	13	231	78	291	2.32e-95	284
P47343.1	Q01019.1	25.514	243	163	8	4	235	16	251	2.74e-95	282
P47343.1	Q1GHJ4.1	26.230	244	164	7	1	242	1	230	3.43e-95	281
P47343.1	Q2L0Y2.1	24.710	259	170	9	1	242	1	251	3.85e-95	281
P47343.1	A1KMX0.1	23.932	234	163	7	8	236	4	227	1.06e-94	280
P47343.1	B5ZC55.1	30.594	219	140	6	18	233	3	212	3.15e-94	278
P47343.1	P53764.1	29.384	211	138	7	29	236	2	204	1.66e-93	276
P47343.1	F5HFA1.1	24.900	249	169	8	1	238	14	255	6.34e-93	276
P47343.1	P67078.1	24.779	226	159	6	14	236	13	230	1.04e-92	275
P47343.1	P47343.1	100.000	245	0	0	1	245	1	245	6.31e-92	273
P47343.1	Q8G3E9.1	25.114	219	143	7	28	235	5	213	9.61e-92	271
P47343.1	B1AJI8.1	31.507	219	138	6	18	233	3	212	3.34e-91	270
P47343.1	F5HI85.1	20.921	239	176	8	1	235	19	248	1.05e-90	270
P47343.1	P52447.1	25.974	231	158	8	14	238	32	255	1.49e-89	268
P47343.1	P50639.1	25.641	234	157	8	13	238	29	253	1.24e-88	265
P47343.1	P52345.1	25.108	231	160	8	14	238	32	255	2.39e-87	262
P47343.1	Q9ZJN9.1	29.915	234	143	9	14	235	9	233	5.21e-87	260
P47343.1	B5Z8Z4.1	29.060	234	145	9	14	235	9	233	1.17e-86	259
P47343.1	Q1CRR1.1	31.197	234	140	9	14	235	9	233	2.04e-86	259
P47343.1	P56397.1	29.487	234	144	9	14	235	9	233	3.84e-86	258
P47343.1	Q4A8N4.1	34.211	228	139	5	10	235	1	219	5.24e-86	257
P47343.1	B2UVB0.1	31.197	234	140	9	14	235	9	233	1.52e-85	256
P47343.1	Q17Z05.1	28.205	234	147	9	14	235	9	233	4.20e-85	255
P47343.1	Q6UDG6.1	28.761	226	150	7	14	236	145	362	9.64e-85	259
P47343.1	B6JNI4.1	29.060	234	145	9	14	235	9	233	2.02e-84	254
P47343.1	P75536.1	56.034	232	102	0	3	234	1	232	4.91e-84	253
P47343.1	Q5UPT2.1	26.829	246	147	8	16	235	132	370	2.59e-73	230
P47343.1	Q91UM2.1	19.048	231	155	11	9	234	10	213	7.03e-52	170
P47343.1	P0DSP8.1	19.048	231	155	11	9	234	10	213	1.33e-51	169
P47343.1	P21968.2	19.556	225	159	11	9	233	10	212	1.47e-51	169
P47343.1	P20536.1	19.048	231	155	11	9	234	10	213	1.93e-51	169
P47343.1	M1LL92.1	19.048	231	155	11	9	234	10	213	2.22e-51	169
P47343.1	P04303.2	19.048	231	155	11	9	234	10	213	2.42e-51	169
P47343.1	P0DSP7.1	18.615	231	156	11	9	234	10	213	3.02e-50	166
P47343.1	P32941.1	18.777	229	158	12	8	233	9	212	4.98e-45	153

Search has CONVERGED!
